799
743
714
726
844
929
858
1040
2169
2128
2113
2144
2035
2062
2020
2077
1395
838
787
899
1012
886
800
821
790
852
829
816
777
772
847
852
852
858
878
1039
857
1951
1931
1939
1944
1961
1934
1975
1929
1916
1888
721
719
820
968
850
758
697
735
727
721
760
673
735
769
757
769
785
773
966
769
713
709
1810
1916
1912
1836
1810
1901
1907
1904
1873
1849
1758
942
800
710
658
713
656
664
691
691
655
778
767
727
724
723
910
893
688
705
725
715
752
773
1538
1832
1837
1773
1765
1820
1778
2023
1986
1901
1446
708
693
665
696
707
754
701
753
708
748
740
927
930
701
776
725
807
762
751
724
691
694
1448
1796
901
699
927
884
748
744
662
672
765
728
1378
1826
1893
1806
1824
1689
1784
1995
2052
1800
1697
618
640
690
666
666
696
669
663
686
676
612
800
925
681
633
634
596
638
690
644
632
708
1068
1793
1708
1613
1799
1930
1777
1781
1783
1711
1755
1770
710
634
638
677
619
589
568
727
942
631
639
637
624
657
650
620
594
628
616
526
624
587
662
1388
1751
1699
1661
1694
1602
1609
1671
1660
1774
1701
1639
1676
592
599
866
672
561
604
609
624
577
564
583
667
627
586
626
555
680
825
742
748
716
768
691
687
1124
1763
1783
1804
1664
1796
1768
1821
1877
1804
1748
1706
1110
697
626
664
631
665
656
611
700
645
666
944
856
616
621
671
640
695
609
639
637
601
613
601
683
1683
1843
1765
1718
1583
1612
1641
1625
1620
1574
1683
1710
1606
1600
605
568
790
777
582
558
588
612
574
642
568
609
605
530
550
558
572
777
823
551
571
570
561
609
568
846
1606
1589
1591
1605
1525
1590
1684
1686
1635
1598
1600
1642
1610
1558
1659
625
587
536
554
570
576
785
810
587
569
595
572
573
571
591
645
565
578
599
591
569
737
824
622
574
597
842
1631
1552
1593
1658
1622
1599
1561
1422
1583
1653
1751
1651
1587
1577
1555
581
628
587
645
587
598
517
552
615
639
869
649
577
587
640
565
562
570
619
572
559
541
596
599
693
799
1431
1602
1642
1572
1448
1420
587
597
542
530
521
526
560
610
761
574
1438
1496
1540
1548
1546
1542
1591
1538
1485
1550
1527
1527
1522
1631
1547
1426
1529
733
531
511
481
532
496
522
540
499
522
515
741
634
578
608
497
521
524
469
551
546
464
467
496
526
515
712
730
1129
1470
1550
1540
1407
1427
1524
1586
1597
1650
1797
874
872
1061
1080
949
966
1007
1058
1093
1248
1297
1216
1250
1155
1153
1183
1116
2043
2545
2603
2577
2557
2466
2489
1592
1209
1124
1100
1131
1119
1077
1145
1230
1276
1052
991
990
997
1054
1019
1046
1718
2394
2370
2316
2423
2401
2466
1785
1003
1000
961
1025
990
891
924
909
925
926
890
960
912
1001
1210
947
936
2186
2198
2196
2285
2246
2298
1619
951
966
989
930
1054
1179
996
964
1009
1027
1020
992
998
1051
1082
981
1241
2285
2242
2433
2457
2314
2271
1572
1039
1041
1087
1094
1064
1024
1048
1060
1088
1075
1034
1346
1223
1005
1124
1053
1530
2374
2366
2291
2286
2245
2270
1305
1000
1029
1274
1105
1061
1132
1030
1084
1108
1109
1053
1102
1020
1046
1111
1048
1277
2575
2403
2346
2345
2373
2338
1294
1175
1133
1026
1035
1120
1083
1116
1099
1331
1250
1064
1072
1050
1086
1094
1115
2125
2295
2383
2321
2319
2337
2044
1270
1354
1092
1042
1081
1062
1134
1164
1136
1039
1010
1030
1126
1101
1020
1084
1426
2329
2313
2418
2318
2394
2360
1285
1094
1095
1073
1080
1101
1038
1174
1341
1119
1052
1089
1032
1062
1115
1057
1048
2380
2366
2409
2412
2381
2508
1996
1138
1123
1095
1105
1089
1100
1107
1074
1043
1110
1072
1056
1084
1130
1283
1139
1097
2228
2409
2322
2483
2423
2431
1795
1155
1087
1055
1051
1157
1267
1075
1077
1103
1071
1142
1094
1103
1063
995
1124
1575
2416
2411
2536
2708
2540
2494
1238
1058
1049
1088
1089
1016
1036
1083
1171
1101
992
1070
1348
1310
1102
1117
1104
1435
2585
2524
2528
2550
2487
2592
1582
1178
1156
1183
1163
1152
1131
1160
1188
1202
1141
1189
1184
1177
1209
1219
1105
1728
2600
2670
2531
2566
2556
2167
1194
1162
1152
1174
1165
1193
1159
1202
1190
1405
1412
1266
1202
1166
1218
1274
1990
2599
2600
2576
2575
2580
2090
1250
1468
1467
1249
1283
1252
1265
1305
1317
1230
1264
1261
1230
1217
1344
1267
2081
2917
2624
2610
2678
2627
2258
1269
1279
1188
1214
1247
1295
1277
1218
1391
1353
1218
1291
1288
1291
1323
1328
2017
2612
2691
2571
2663
2695
2432
1488
1579
1289
1304
1259
1290
1310
1282
1345
1383
1219
1267
1231
1265
1304
1337
1540
2715
2616
2631
2590
2601
2636
2183
1267
1288
1243
1224
1212
1101
1208
1320
1354
1153
1169
1125
1282
1205
1152
1119
1125
2044
2552
2469
2491
2532
2514
2439
1253
1146
1164
1153
1055
1082
1064
1010
1166
1054
1168
1145
1165
1327
1203
1089
1112
2248
2586
2513
2390
2486
2514
1841
1076
1165
1194
1211
1407
1307
1141
1109
1150
1114
1087
1070
1234
1162
1096
1107
1372
2481
2500
2631
2612
2495
2384
1003
1113
979
1036
1015
974
1006
1015
1055
1060
1056
1268
1190
1044
1039
971
1095
1354
2478
2431
2452
2358
2483
2338
1153
1080
1320
1223
1086
1088
1085
1137
1076
1047
1111
1031
1075
1073
1076
1113
1112
1949
2620
2381
2400
2401
2382
1964
1089
1052
1132
1078
1028
1007
1029
999
1181
1178
966
970
909
949
984
920
935
1645
2290
2348
2270
2274
2215
2370
2053
911
917
911
931
876
923
901
887
926
936
894
940
908
1010
1092
926
941
925
890
1571
2110
2091
2003
2047
1984
2036
2150
1159
1067
1135
977
1033
1031
1046
1027
1094
1088
1096
1061
1104
1075
1070
1036
1185
1271
1757
2337
2396
2414
2284
2338
2280
2329
1414
1087
1033
1056
1091
1160
1223
1109
1104
994
1054
1038
1050
1069
1006
1022
950
990
1001
2087
2181
2285
2133
2150
2109
2306
2078
2013
862
937
879
938
889
889
887
879
1174
1010
817
809
856
917
834
874
886
895
837
841
1897
1870
2019
2159
1975
1921
1977
2057
1969
1896
2010
812
825
860
889
841
836
880
1025
908
841
759
847
841
810
825
723
774
833
801
767
776
824
1653
1888
1897
1834
2011
1966
1900
1947
1963
1953
761
802
858
835
802
1049
989
902
1172
1780
1878
2026
1954
2114
2072
2084
2086
1957
1910
3026
3543
3551
3356
3346
3339
3249
1788
1937
1834
1766
1837
1858
1767
1647
1710
1811
1878
1612
1591
1598
1518
1455
2903
2824
2878
2881
2835
2805
1849
1399
1546
1556
1372
1274
1417
1329
1307
1328
1345
1328
1296
1320
1209
1248
1274
2696
2923
2770
2748
2760
2655
1560
1225
1220
1243
1206
1271
1278
1208
1215
1304
1387
1195
1173
1238
1186
1168
1599
2619
2602
2512
2560
2582
2614
1281
1243
1349
1162
1057
1138
1041
1029
1054
1018
1049
1058
998
1048
1024
995
1061
2180
2662
2581
2593
2591
2551
2382
1092
1035
1068
1002
967
1008
1106
1128
1297
1064
977
1034
1057
1041
1048
1022
1215
2486
2463
2532
2484
2495
2522
1661
1147
986
1127
1055
1036
991
1025
1477
1394
1266
1208
1208
1181
1132
1392
1327
2249
2583
2671
2686
2563
2596
2056
1103
1072
1067
1113
1032
1066
1304
1295
1130
1130
1095
1043
1088
1135
1143
1066
1805
2523
2512
2588
2559
2668
2514
1142
1204
1127
1097
1073
1023
1081
1082
1178
1065
1067
1048
1102
1233
1316
996
1312
2504
2502
2467
2452
2505
2503
1557
1106
1137
1130
1086
1263
1341
1075
1103
1056
1088
1099
1114
1121
1011
1007
985
1437
2561
2490
2652
2650
2542
2525
1329
1024
1083
1010
1010
1016
961
929
1030
1036
1045
1175
1244
1016
1058
1009
1023
1868
2395
2427
2377
2404
2432
2345
976
1015
1109
1207
999
1053
1019
962
894
991
1054
1003
1014
1006
1063
986
997
1523
2589
2383
2437
2318
2422
2242
985
995
956
1008
1031
1046
976
950
1059
1286
1110
1063
1011
992
978
1045
971
2150
2343
2357
2442
2406
2344
1827
1084
1070
1038
992
949
942
1003
990
901
975
958
951
962
927
1029
1164
1146
2361
2342
2380
2399
2325
2392
1356
1013
1012
977
986
938
941
1175
1092
970
919
867
840
928
905
872
962
1000
2352
2309
2363
2405
2481
2426
979
925
907
916
891
921
875
896
878
926
865
889
898
1104
1119
918
916
1430
2447
2317
2372
2373
2355
1749
831
904
924
991
1173
1058
1057
989
1037
1028
976
1037
1120
1090
1103
1075
1364
2462
2431
2592
2620
2437
2129
1008
939
985
972
1013
960
997
928
1003
1009
930
1169
1265
1132
1044
1038
982
2429
2427
2490
2461
2440
2398
1205
967
985
1094
1333
989
998
1050
940
934
959
937
1013
977
967
953
940
1498
2498
2521
2568
2397
2410
1976
919
980
973
952
977
941
976
917
911
932
878
912
904
891
782
896
906
1459
2277
2300
2308
2351
2341
2285
1428
1139
1109
918
927
864
885
890
825
883
845
864
934
915
891
940
1184
1081
1265
2242
2291
2419
2388
2434
2366
911
873
896
867
801
928
1110
1070
871
832
837
798
809
816
808
855
860
837
1862
2186
2216
2344
2293
2294
2134
1607
828
853
851
847
835
834
887
836
799
937
912
1017
866
835
820
784
794
810
1008
2063
1932
1998
2028
1992
2004
2053
2219
1312
770
746
721
766
758
787
710
762
727
751
738
692
821
931
817
715
703
689
744
1373
1895
1876
1929
1878
1907
1868
1834
1935
1999
1897
727
650
660
691
677
636
646
675
711
729
739
661
862
919
927
791
774
704
685
749
658
778
1411
1870
1884
1890
1825
1978
2045
1867
1862
1795
1631
662
718
658
697
712
741
736
710
751
816
974
948
687
718
689
730
710
688
687
678
716
922
1720
1739
1938
1963
1990
1870
1872
1825
1954
1852
998
721
691
738
710
739
733
851
1021
950
866
657
679
683
729
696
653
692
660
664
655
648
1127
2037
1843
1771
1752
1752
1782
1763
1816
1788
1736
1749
909
609
625
721
1022
771
622
578
605
599
637
597
590
617
654
636
631
708
741
885
797
635
677
673
1477
1629
1690
1710
1685
1752
1686
1675
683
668
895
697
627
601
592
606
658
630
555
607
598
620
1013
1763
1673
1941
1254
579
561
631
587
576
577
1031
1640
1733
1728
967
639
661
981
895
598
675
1255
1654
1740
1693
1651
1689
1686
1599
1664
1654
1590
1934
1770
1611
1331
570
638
535
559
580
596
584
590
537
563
617
823
789
589
587
557
669
535
645
549
562
623
572
766
1645
1622
1795
1844
1658
1673
1601
1621
1629
1736
1745
1783
782
609
629
651
623
804
817
646
647
658
589
557
629
572
576
551
546
586
544
605
742
881
614
1566
1772
1816
1877
1831
1862
1979
1905
1897
580
649
723
901
1082
945
1088
1111
1051
1008
1006
933
996
966
925
910
915
921
1899
2517
2386
2274
2262
2274
2280
1709
813
780
803
762
799
820
801
989
1115
926
817
798
834
815
802
772
778
971
2172
2302
2260
2265
2327
2469
2365
1043
791
775
770
754
745
707
757
751
745
761
807
795
1059
901
807
862
848
791
1854
2258
2191
2361
2239
2329
2308
835
848
1065
1007
838
780
822
865
778
840
822
821
754
803
878
899
909
1636
2453
2313
2310
2272
2255
2334
1131
795
807
847
802
871
781
853
983
985
808
739
787
727
792
847
807
805
2303
2361
2387
2369
2418
2586
1386
782
787
790
725
814
782
807
791
817
807
812
807
776
1007
1098
798
1122
2417
2326
2467
2365
2420
2388
785
808
771
794
844
892
1066
790
854
883
807
821
861
843
830
808
848
1743
2394
2452
2620
2555
2449
1480
942
880
903
843
851
820
944
897
887
861
908
937
1192
961
896
916
1931
2450
2493
2535
2540
2470
1448
924
869
931
953
1125
956
894
883
862
912
907
953
918
998
1021
997
1935
2636
2652
2810
2613
2521
1790
1021
963
959
1035
1028
972
983
884
986
972
925
1241
1060
922
972
930
1691
2546
2607
2629
2552
2556
1415
928
979
984
1276
1109
1041
1017
1048
1046
1006
953
1009
1020
915
969
1027
2002
2625
2786
2715
2571
2610
1205
1005
996
987
986
983
953
1010
1009
1028
1075
1302
1205
967
1025
972
923
2595
2609
2642
2612
2601
1857
1023
987
992
1233
1196
982
950
1028
949
957
971
914
890
938
940
926
1707
2641
2801
2718
2576
2590
1779
1017
927
953
946
908
1012
964
971
943
939
1185
1255
1002
1042
1007
969
964
1532
2610
2562
2542
2609
2585
1280
1024
1054
1267
917
943
960
930
960
929
982
992
974
969
984
987
960
2209
2547
2661
2518
2593
2173
1015
1053
1037
981
990
988
1005
1102
1038
1015
1276
1000
1010
967
996
974
1295
2621
2583
2496
2533
2526
1485
1016
1074
1305
1036
1036
1029
973
1003
1018
965
1047
948
1015
1014
1040
1004
1931
2720
2551
2496
2531
2525
929
1006
1089
969
959
940
954
935
964
1006
1344
1209
959
888
970
1015
967
2420
2470
2502
2470
2462
2080
886
865
1287
1214
929
956
967
913
959
983
984
961
957
970
955
941
921
2712
2692
2541
2444
2490
2041
920
926
978
918
954
931
1014
969
961
1230
1167
934
917
901
838
919
840
2199
2365
2468
2389
2393
2316
958
1163
1281
881
911
856
851
857
835
827
777
789
765
828
828
795
1075
1452
2339
2317
2362
2233
2218
2220
825
808
744
858
887
914
802
1014
1146
815
838
804
780
790
806
820
757
1421
2312
2412
2242
2240
2412
2437
998
822
842
803
751
779
809
815
766
776
754
713
745
984
1218
803
735
690
1029
2129
2171
2074
2101
2076
2138
2307
1331
771
869
1178
894
709
750
731
687
765
758
697
728
760
763
709
681
875
1014
1050
2034
2028
2035
1960
2022
1958
1924
2078
750
795
747
817
751
1168
904
757
719
734
778
824
762
763
760
716
782
731
756
781
1839
2146
1983
1975
2057
2013
2053
1956
2022
816
685
758
688
763
713
1047
951
777
687
730
704
718
739
667
690
717
706
748
649
1577
2115
2142
1898
2000
1939
2012
2014
1916
1177
608
662
729
717
665
630
935
1062
616
679
647
699
676
725
651
652
704
723
718
688
1538
2086
2087
2074
2000
1928
1849
1955
1945
1832
965
695
769
706
665
707
993
1125
751
724
707
731
678
730
798
807
767
815
775
765
735
1710
2215
2123
2112
2235
2123
2182
2161
2124
929
922
961
909
830
881
1013
1328
995
916
902
936
911
935
880
942
918
948
1248
2125
2189
2287
2422
2368
2225
2177
2113
961
966
876
852
873
946
969
1042
987
1066
1294
1076
905
900
907
864
814
878
1154
2140
2107
2054
2009
2096
2095
2355
2155
1507
800
830
819
759
808
855
742
897
839
825
812
925
1050
1111
832
821
760
823
801
2011
1989
1906
2057
2021
1986
2093
2068
2085
989
841
812
874
931
939
920
1004
959
1063
990
976
981
999
1214
1203
918
1700
2365
2478
2332
2352
2389
2269
2276
1188
808
834
840
1101
1201
963
1028
887
892
882
919
897
850
901
804
777
833
1104
2306
2285
2083
2126
2078
2094
2062
2071
2020
1191
769
692
705
713
722
994
994
853
646
651
664
629
663
692
697
759
704
676
694
1001
2089
2152
1982
1967
1975
1922
1851
1912
1950
1941
702
625
627
629
648
948
1098
636
677
661
692
670
684
639
704
724
657
663
702
733
981
1835
2010
1887
1974
2045
1913
2004
1960
1807
1940
1962
1773
732
723
815
1091
719
641
642
620
658
638
646
640
651
663
626
661
629
847
1069
785
588
600
655
1517
1728
1742
1809
1781
1836
1733
1746
1784
1864
1925
1814
1510
719
730
714
682
621
680
758
671
691
679
694
715
1098
845
702
640
614
627
667
592
614
652
1655
1806
1833
1927
1916
1917
1915
1758
1776
1759
1773
1815
755
614
659
656
625
645
658
625
1076
931
635
595
669
674
719
653
646
623
670
593
606
595
685
1900
1877
1734
1759
1836
1831
1848
1861
1954
2048
1484
769
721
746
713
1102
944
706
746
676
679
696
711
694
695
662
719
653
656
753
968
1081
838
1806
1874
1850
1845
1871
1823
1952
1907
1854
1771
1699
680
451
439
0
0
0
0
0
0
0
0
0
0
0
0
0
383
538
28
0
0
0
516
1759
1748
1780
1680
1769
1805
1703
1867
1802
1837
1796
1599
0
0
0
0
0
0
0
0
0
0
0
187
566
0
0
0
0
0
0
0
0
0
0
0
1462
1622
1829
1813
1682
1700
1708
1633
1603
0
0
0
0
0
0
0
0
188
564
191
0
0
0
0
0
0
0
0
0
0
0
0
125
551
270
0
0
0
0
0
0
0
0
0
0
0
0
0
565
191
0
0
0
0
0
0
0
0
0
0
0
0
49
557
352
0
0
0
0
0
0
0
0
0
0
0
0
0
517
433
0
0
0
0
0
0
0
0
0
0
0
0
0
380
377
0
0
0
0
0
0
0
0
0
0
0
0
0
475
472
0
0
0
0
0
0
0
0
0
0
0
0
0
385
575
0
0
0
0
0
0
0
0
0
0
0
0
0
281
493
0
0
0
0
0
0
0
0
0
0
0
0
0
396
559
4
0
0
0
0
0
0
0
0
0
0
0
0
304
519
140
0
0
0
0
0
0
0
0
0
0
0
0
187
566
197
0
0
0
0
0
0
0
0
0
0
0
0
60
550
158
0
0
0
0
0
0
0
0
0
0
0
0
167
533
248
0
0
0
0
0
0
0
0
0
0
0
0
24
452
292
0
0
0
0
0
0
0
0
0
0
0
0
49
541
373
0
0
0
0
0
0
0
0
0
0
0
0
0
591
367
0
0
0
0
0
0
0
0
0
0
0
0
0
444
326
0
0
0
0
0
0
0
0
0
0
0
0
0
551
404
0
0
0
0
0
0
0
0
0
0
0
0
0
405
556
0
0
0
0
0
0
0
0
0
0
0
0
0
314
455
0
0
0
0
0
0
0
0
0
0
0
0
0
383
568
1
0
0
0
0
0
0
0
0
0
0
0
0
233
541
188
0
0
0
0
0
0
0
0
0
0
0
0
196
571
11
0
0
0
137
1390
1350
1221
1283
1343
1353
1251
1332
1350
1518
1460
1421
179
0
0
0
0
0
0
0
0
0
0
158
505
311
0
0
0
0
0
0
0
0
0
0
0
0
19
563
195
1238
1394
1374
1355
1471
1396
1480
1477
1401
1427
1406
1500
1406
1607
1618
1382
1360
1433
1394
1459
1338
381
0
0
0
0
0
14
576
385
0
0
0
0
0
0
0
0
0
0
0
0
0
398
373
0
0
0
0
1285
1434
1468
1576
1502
1466
1426
1414
1544
1728
1704
1500
1522
1492
1494
1555
1537
1422
1481
1318
0
0
0
0
383
381
194
0
0
0
0
0
0
0
0
0
0
0
0
225
552
0
0
0
0
0
883
1590
1634
1490
1553
1501
1502
1533
1608
1683
1568
1511
1602
1569
1649
1638
1566
1543
876
0
0
0
0
192
580
194
0
0
0
0
0
0
0
0
0
0
0
0
103
482
192
0
0
0
706
1575
1568
1590
1587
1568
1592
1507
1518
1585
1778
1712
1490
1521
1620
1685
1596
1577
408
0
0
0
0
0
55
525
381
0
0
0
0
0
0
0
0
0
0
0
0
0
451
321
0
1076
1716
1723
1678
1710
1656
1664
1721
1651
1611
1613
1692
1885
1846
1639
526
0
0
0
0
0
0
0
0
0
0
0
418
359
0
0
0
0
0
0
0
0
0
0
0
1363
1781
2100
1908
1785
1672
1731
1839
1701
1775
1776
1811
1872
1379
0
0
0
393
570
4
0
0
0
0
0
0
0
0
0
0
0
0
284
490
0
0
0
1160
1807
1820
1858
1737
1783
1778
1796
1853
1783
1974
1951
1917
605
0
0
0
0
0
0
0
0
0
0
0
206
567
0
0
0
0
0
0
0
0
0
869
1683
1722
1769
1769
1974
1803
1691
1723
1885
1741
1738
1787
1165
0
0
0
0
0
192
495
186
0
0
0
0
0
0
0
0
0
0
0
0
119
560
198
1723
1831
1885
1810
1799
1757
1783
1849
1800
1858
1768
1779
1836
723
360
0
0
0
0
0
0
0
0
0
0
0
0
15
516
248
0
0
0
0
0
0
0
385
1668
1628
1664
1655
1690
1892
1814
1728
1713
1765
1728
1719
1665
1697
852
0
0
0
0
0
443
423
0
0
0
0
0
0
0
0
0
0
0
0
17
470
390
0
0
532
1676
1651
1581
1586
1635
1625
1619
1536
1558
1558
1725
1798
1515
1552
1658
1565
1592
1493
0
0
0
0
0
0
0
362
409
0
0
0
0
0
0
0
0
0
0
0
0
0
408
561
0
0
0
289
1532
1458
1540
1568
1504
1566
1567
1445
1497
1675
1691
1649
1583
1564
1405
1497
1531
1478
1523
1486
304
0
0
0
194
443
131
0
0
0
0
0
0
0
0
0
0
0
0
252
542
175
0
0
0
0
0
968
1420
1401
1392
1452
1353
1412
1473
1572
1454
1396
1496
1390
1425
1331
1452
1397
1330
1380
1316
1371
1414
1373
1569
1412
1268
1341
1310
1356
1360
252
0
0
0
0
0
0
190
466
287
0
0
0
0
0
0
0
0
0
0
0
0
52
526
360
0
0
0
0
0
0
0
833
1270
1231
1318
1261
1302
1429
1402
1325
1464
1238
1269
1180
1208
1202
1322
1234
1276
1242
1257
1270
1383
1319
1259
1321
1215
1278
1197
1265
1271
1236
1209
1215
1227
1187
1158
1368
1404
551
0
0
0
0
0
0
0
0
0
0
0
0
333
410
0
0
0
0
0
0
0
0
0
0
0
0
0
397
524
3
0
0
0
0
1045
1194
1184
1257
1268
1124
1276
1185
1377
1379
1297
1272
1246
1176
1162
1224
1246
1191
1206
1287
1191
1281
1266
1339
1437
1267
1282
1268
1173
1175
1176
1185
1185
1210
1155
1158
1262
1187
1227
1321
1215
1127
1144
1081
1170
932
0
0
0
0
0
0
0
204
378
309
0
0
0
0
0
0
0
0
0
0
0
0
52
494
172
0
0
0
0
0
0
0
0
0
110
1276
1345
1300
1485
1464
1394
1268
1217
1317
1278
1281
1206
1213
1276
1199
1250
1237
1258
1381
1372
1274
1298
1158
1248
1199
1263
1212
1243
1300
1113
1208
1235
1147
1359
1276
1309
1241
1230
1216
1289
1213
1157
1250
933
0
0
0
0
396
330
0
0
0
0
0
0
0
0
0
0
0
0
0
519
419
0
0
0
0
0
0
0
0
0
0
0
0
0
413
1180
1271
1143
1252
1217
1143
1224
1216
1194
1235
1236
1168
1176
1224
1365
1394
1450
1324
1316
1382
1362
1380
1314
1360
1339
1305
1337
1350
1273
1476
1420
1339
1329
1314
1282
749
0
0
0
0
0
0
0
0
263
522
146
0
0
0
0
0
0
0
0
0
0
0
0
211
557
100
0
0
0
0
0
0
1159
1294
1226
1320
1274
1298
1272
1453
1419
1269
1314
1277
1288
1319
1348
1301
1304
1363
1367
1300
1315
1358
1520
1491
1253
1348
1354
1220
1260
1231
1252
1333
1382
305
0
0
45
545
356
0
0
0
0
0
0
0
0
0
0
0
0
0
495
278
0
0
0
0
0
0
0
0
0
0
543
1331
1388
1576
1606
1400
1426
1401
1465
1458
1361
1394
1417
1437
1511
1394
1406
1445
1586
1609
1466
1439
1433
1426
768
0
0
0
0
0
0
0
0
388
475
0
0
0
0
0
0
0
0
0
0
0
0
0
328
529
0
0
1636
1904
1916
1807
1749
1780
1863
1855
1902
1838
1830
1963
2027
809
0
0
0
0
0
0
0
0
0
0
0
0
251
518
177
0
0
0
0
0
0
0
238
1976
1992
1984
2068
1996
2301
2033
2105
1036
0
0
0
0
0
0
0
0
0
0
193
569
189
0
0
0
0
0
2116
2307
2334
2227
2161
2165
1986
189
407
345
0
0
0
0
0
0
0
0
0
0
0
0
0
578
289
2163
2169
2154
2218
2275
2209
2187
266
0
0
0
0
100
514
250
0
0
0
0
0
0
0
0
0
0
0
1717
2136
2314
2197
2024
2115
2022
1626
0
0
0
0
0
0
0
0
0
543
418
0
0
0
0
0
0
0
0
0
1332
1924
1870
1927
1995
1920
1919
1854
1908
431
0
0
0
0
0
0
0
0
0
479
472
0
0
0
0
0
0
0
0
0
1534
1900
1905
1874
1933
1966
1855
1790
1821
37
0
0
0
0
0
0
0
0
0
383
387
100
0
0
0
0
0
0
0
0
0
1489
1731
1665
1756
1772
1702
1701
1662
1729
1651
870
0
0
0
0
0
0
0
270
505
196
0
0
0
0
0
0
0
0
0
0
0
0
194
583
1622
1592
1728
1685
1611
1675
1673
1601
1673
1552
1591
240
0
74
492
286
0
0
0
0
0
0
0
0
0
0
0
0
100
578
192
0
0
0
0
970
1565
1559
1584
1548
1490
1546
1598
1706
1749
1654
1556
1564
0
0
0
0
0
0
0
0
0
0
0
575
383
0
0
0
0
0
0
0
0
0
0
0
0
0
891
1791
1558
1622
1576
1687
1612
1646
1525
1544
1613
1666
1656
676
0
481
381
0
0
0
0
0
0
0
0
0
0
0
0
0
453
504
0
0
0
0
0
0
0
594
1586
1593
1529
1546
1597
1694
1662
1468
1571
1596
1527
1549
1514
86
0
0
0
0
0
0
251
505
0
0
0
0
0
0
0
0
0
0
0
0
0
383
516
61
0
1289
1599
1541
1448
1589
1582
1534
1514
1511
1450
1556
1653
1680
1268
0
0
0
0
0
0
0
0
0
0
0
0
199
556
195
0
0
0
0
0
0
0
0
0
0
0
490
1557
1639
1685
1534
1585
1547
1454
1538
1552
1506
1485
1533
1525
1371
0
0
492
278
0
0
0
0
0
0
0
0
0
0
0
0
95
479
389
0
0
0
0
0
0
0
384
1592
1574
1466
1564
1547
1720
1710
1546
1572
1543
1549
1592
1565
1574
1205
0
0
0
0
0
402
362
0
0
0
0
0
0
0
0
0
0
0
0
0
484
473
0
0
0
385
1646
1548
1568
1554
1502
1513
1576
1567
1609
1739
1761
1685
1714
1768
720
0
0
0
0
0
0
0
0
0
294
471
0
0
0
0
0
0
0
0
0
0
0
0
0
379
1878
1688
1616
1671
1651
1611
1642
1717
1669
1724
1707
1718
902
0
226
546
195
0
0
0
0
0
0
0
0
0
0
0
0
195
421
333
0
0
0
0
1512
1846
1785
1718
1799
1832
1772
1808
1787
1959
1847
717
0
0
0
0
0
0
0
0
0
0
0
186
389
382
0
0
0
0
0
0
0
1
1769
1873
1799
1864
1906
2050
2038
1899
1932
1788
0
0
0
0
0
0
0
0
0
101
474
387
0
0
0
0
0
0
0
0
0
738
1964
2029
1999
2192
2169
2054
2041
2069
607
0
0
0
0
0
0
0
0
0
379
462
114
0
0
0
0
0
0
0
1507
2058
2148
1981
2057
2229
2244
1587
0
0
0
0
0
0
0
0
0
0
0
0
387
482
93
0
0
0
0
478
2125
2205
2140
1992
2061
2072
2036
1917
377
189
0
0
0
0
0
0
0
0
0
0
0
0
238
521
199
0
0
0
648
1981
1962
1903
1962
2019
2093
2048
2000
738
377
194
0
0
0
0
0
0
0
0
0
0
0
0
214
537
217
0
0
0
681
2012
2024
1984
1926
2007
1962
2020
1395
194
394
373
0
0
0
0
0
0
0
0
0
0
0
0
18
369
391
0
0
1479
2002
1973
1961
1981
1922
1996
1997
1969
50
46
530
380
0
0
0
0
0
0
0
0
0
0
0
0
0
416
528
0
0
640
1863
1870
1797
1899
1904
1861
1891
1853
1896
1009
386
382
0
0
0
0
0
0
0
0
0
0
0
0
0
440
521
0
0
0
0
0
1119
1800
1746
1731
1755
1757
1710
1811
1887
1956
1802
724
0
0
0
0
0
0
0
0
0
0
0
292
470
0
0
0
0
0
0
0
0
0
3
1877
1802
1716
1886
1866
1802
1713
1700
1717
1720
1673
1658
791
0
0
0
0
0
301
472
188
0
0
0
0
0
0
0
0
0
0
0
0
190
498
71
0
1259
1606
1571
1556
1630
1540
1617
1694
1579
1613
1585
1641
1752
1672
1560
1624
711
0
0
0
0
0
0
0
0
0
200
444
316
0
0
0
0
0
0
0
0
0
0
0
0
85
491
195
1172
1481
1452
1507
1468
1521
1511
1469
1553
1466
1431
1416
1526
1629
1598
1437
1476
1522
1523
1463
185
0
0
0
0
0
0
167
375
379
0
0
0
0
0
0
0
0
0
0
0
0
18
528
407
0
0
0
0
159
1610
1942
1991
1930
1808
1797
1656
1612
1755
1769
1585
1611
1587
1548
1516
1586
1524
1604
1607
431
0
0
0
407
404
134
0
0
0
0
0
0
0
0
0
0
0
0
377
483
8
0
0
0
0
0
0
0
0
1059
1447
1463
1412
1531
1551
1529
1409
1404
1482
1441
1412
1416
1357
1569
1464
1314
1374
1343
1474
1501
1328
1318
1316
791
0
0
0
0
0
0
0
0
0
269
516
167
0
0
0
0
0
0
0
0
0
0
0
0
209
447
470
370
0
0
184
1463
1371
1367
1357
1414
1397
1279
1414
1491
1578
1436
1372
1337
1365
1386
1340
1305
1336
1511
1426
1469
1398
661
188
425
347
0
0
0
0
0
0
0
0
0
0
0
0
91
490
383
0
0
0
0
0
0
0
0
0
0
155
1447
1413
1555
1609
1444
1396
1471
1441
1412
1442
1375
1429
1470
1392
1401
1372
1357
1525
1545
1360
1381
1400
1326
1068
0
0
0
0
0
0
0
17
446
477
0
0
0
0
0
0
0
0
0
0
0
0
0
384
234
146
0
0
0
0
0
0
1196
1197
1300
1267
1244
1214
1357
1434
1219
1232
1232
1247
1295
1158
1192
1246
1202
1227
1329
1298
1318
1380
1429
1309
1345
1360
1360
1374
1343
14
0
0
0
0
0
0
391
447
86
0
0
0
0
0
0
0
0
0
0
0
0
248
530
181
0
0
0
0
0
0
0
718
1324
1320
1307
1383
1410
1453
1333
1320
1368
1343
1415
1292
1337
1308
1270
1349
1245
1289
1301
1382
1431
1314
1241
1319
1325
1387
1420
336
0
0
0
0
0
0
196
412
348
0
0
0
0
0
0
0
0
0
0
0
0
115
458
325
0
0
0
0
0
0
0
381
1442
1367
1469
1480
1428
1527
1499
1403
1428
1321
1313
1305
1338
1379
1422
1430
1379
1346
1396
1421
1528
1503
1498
1419
1420
1356
453
0
0
0
0
0
0
0
6
431
515
0
0
0
0
0
0
0
0
0
0
0
0
0
389
389
0
0
0
0
0
0
49
1370
1200
1326
1294
1345
1394
1545
1557
1438
1453
1363
1355
1280
1320
1320
1249
1183
1227
1247
1312
1305
1391
1427
1269
1261
1290
1240
1167
1167
1294
1241
1135
1218
454
0
0
317
478
151
0
0
0
0
0
0
0
0
0
0
0
0
223
532
7
0
0
0
0
0
0
0
0
0
0
0
0
330
447
526
1222
1185
1214
1229
1199
1197
1167
1149
1140
1116
1200
1141
1229
1257
1287
1146
1187
1204
1155
1128
1286
1244
1170
1182
1083
1140
1136
1188
1321
1284
1127
1208
1191
1069
1092
1095
1115
1224
1094
1083
462
0
34
524
189
0
0
0
0
0
0
0
0
0
0
0
0
147
476
276
0
0
0
0
0
0
0
0
0
0
0
0
32
514
333
0
797
1136
1144
1206
1236
1206
1207
1165
1131
1152
1170
1169
1295
1233
1125
1126
1104
1131
1133
1108
1101
1033
1103
1114
1137
1168
1122
1380
1232
1221
1181
1116
1086
1079
1138
1197
1138
1173
1078
1131
1136
1127
1245
1200
1159
1117
633
0
0
0
0
0
0
0
0
0
0
410
434
83
0
0
0
0
0
0
0
0
0
0
0
0
326
477
122
0
0
0
0
0
0
0
0
0
0
622
1166
1163
1255
1133
1059
1107
1212
1089
1146
1092
1096
1067
1049
1112
1059
1050
1175
1114
1181
1080
1085
1073
1090
1190
1057
1140
1122
1093
1168
1146
1127
1219
1317
1231
1162
1132
1161
1146
1262
1100
1149
1130
1113
303
0
0
192
498
267
0
0
0
0
0
0
0
0
0
0
0
0
84
505
341
0
0
0
0
0
0
0
0
0
0
0
0
63
507
341
0
0
677
1111
1178
1129
1049
1002
1079
1186
1055
1102
1119
1160
1125
1046
1108
1078
1060
1227
1250
1220
1191
1215
1266
1225
1246
1269
1366
1374
1169
1269
1221
1173
1264
1215
1234
1180
867
0
0
0
0
460
481
0
0
0
0
0
0
0
0
0
0
0
0
0
395
551
0
0
0
0
0
0
0
0
0
0
0
0
0
326
1135
1203
1256
1289
1198
1300
1227
1127
1199
1113
1212
1264
1214
1277
1341
1458
1207
1201
1171
1139
1270
1243
1165
1253
1243
1189
1234
1192
1187
1365
573
116
0
0
0
0
0
0
0
0
0
0
0
0
233
557
157
0
0
0
0
0
0
0
0
0
0
0
0
190
545
207
143
1345
1280
1390
1302
1305
1318
1244
1334
1266
1304
1307
1318
1485
1293
1267
1227
1279
1339
1275
1288
1367
1271
1303
1281
1239
1294
1338
1420
286
0
0
0
0
0
0
0
0
0
0
0
0
52
553
338
0
0
0
0
0
0
0
0
0
0
0
0
0
514
439
0
0
396
1521
1269
1347
1311
1375
1343
1398
1352
1354
1339
1483
1439
1350
1376
1266
1318
1294
1247
1209
1288
1299
1316
1273
1329
1380
1183
456
0
0
0
0
0
0
0
0
0
0
0
0
0
394
562
0
0
0
0
0
0
0
0
0
0
0
0
0
360
457
702
1380
1349
1537
1417
1364
1328
1405
1341
1365
1346
1385
1287
1483
1502
1403
1373
1349
1427
1358
1360
1361
1393
1112
0
0
0
0
288
436
138
0
0
0
0
0
0
0
0
0
0
0
0
274
495
187
0
0
0
0
0
0
0
507
1379
1490
1552
1425
1514
1635
1486
1414
1455
1685
1574
1518
1494
1474
1495
1416
1464
1464
0
79
493
379
0
0
0
0
0
0
0
0
0
0
0
0
0
480
468
0
0
0
0
0
0
0
418
1580
1598
1679
1604
1671
1810
1765
1629
1678
1722
1610
1625
1578
1581
1659
519
0
0
0
34
538
444
38
0
0
0
0
0
0
0
0
0
0
0
41
445
378
0
0
0
0
1490
1740
1713
1722
1670
1698
1643
1671
1679
1834
1844
1675
1671
1070
0
0
0
0
0
0
0
0
0
0
413
552
0
0
0
0
0
0
0
0
0
0
0
0
0
1574
1746
1713
1745
1976
1850
1762
1825
1715
1717
1814
1685
333
0
0
233
530
182
0
0
0
0
0
0
0
0
0
0
0
0
189
500
68
0
0
0
812
1707
1690
1698
1617
1681
1710
1764
1765
1879
1971
1743
1735
1779
626
0
0
0
0
0
0
0
0
0
194
557
205
0
0
0
0
0
0
0
0
0
0
0
0
129
1594
1711
1602
1604
1552
1647
1582
1651
1629
1565
1588
1703
1634
1621
1633
906
212
0
0
0
0
0
0
0
0
0
0
0
0
95
502
347
0
0
0
0
0
0
0
0
0
350
1781
1650
1720
1823
1735
1619
1671
1577
1542
1585
1613
1600
1694
1597
1538
1466
1583
1047
488
472
0
0
0
0
0
0
0
0
0
0
0
0
0
422
490
0
0
0
0
0
0
0
0
0
0
0
970
1431
1561
1563
1436
1394
1370
1382
1342
1442
1425
1428
1323
1333
1301
1333
1419
1499
1592
1377
1542
1384
1415
1292
371
0
0
0
0
0
0
0
355
440
136
0
0
0
0
0
0
0
0
0
0
0
0
243
506
182
0
0
0
0
0
513
1310
1259
1263
1259
1306
1283
1377
1379
1260
1323
1273
1255
1149
1265
1216
1346
1338
1273
1337
1311
1280
1334
1320
1377
1426
1275
1241
1217
1227
1230
1233
139
0
0
0
0
202
394
327
0
0
0
0
0
0
0
0
0
0
0
0
16
400
327
0
0
0
0
0
0
0
0
0
0
0
1075
1243
1334
1320
1204
1243
1202
1242
1209
1171
1207
1176
1178
1180
1184
1164
1164
1334
1356
1348
1249
1259
1249
1128
1220
1227
1151
1143
1104
1197
1093
1146
1293
1284
1211
1128
1231
1078
1038
1151
1106
1137
1136
1017
781
685
543
581
328
0
0
0
0
0
0
0
0
0
0
0
0
15
346
240
351
12
0
0
0
0
0
0
0
0
0
0
0
224
359
219
165
0
0
0
724
1069
1053
1059
1103
1129
1126
1102
1149
1186
1282
1216
1015
990
1116
1140
1118
1147
1068
1024
1108
1096
992
1068
1152
1289
1103
1046
1051
1092
1102
1081
1045
1046
1057
1134
1087
1235
1324
1237
1243
1182
1071
1086
1083
1115
1059
1003
1060
1051
1075
1089
275
119
264
344
231
0
0
0
0
0
0
0
0
0
0
0
46
340
350
33
0
0
0
0
0
0
0
0
0
0
0
187
395
362
0
0
0
0
2
1223
1214
1166
1198
1248
1183
1137
1162
1316
1320
1073
1136
1135
1100
1154
1102
1162
1092
1127
1200
1133
1120
1100
1253
1496
1156
1167
1112
1112
1121
1135
1181
1127
1184
1179
1114
1176
1115
1280
1262
1090
1132
934
0
0
0
0
0
0
0
0
0
19
418
476
0
0
0
0
0
0
0
0
0
0
0
0
0
419
486
35
0
0
0
0
0
0
0
0
845
1203
1132
1109
1223
1414
1150
1159
1116
1115
1160
1141
1111
1155
1239
1240
1233
1187
1077
1222
1340
1156
1117
1194
1107
1133
1064
1049
1075
1062
1027
1111
1064
1074
1120
1422
1154
1177
1107
1098
1096
1112
1173
1110
1059
1129
572
0
0
211
478
171
0
0
0
0
0
0
0
0
0
0
0
0
146
506
167
0
0
0
0
0
0
0
0
0
0
0
0
200
465
259
0
0
245
1103
1086
1042
1018
1075
1092
1075
1022
1045
1068
1321
1104
1038
1057
1052
1152
1188
1194
1156
1136
1159
1111
1119
1090
1128
1379
1170
1088
1067
1014
1119
1096
1077
1103
1109
1067
1034
1043
1083
1084
1390
1194
921
1011
1095
1131
293
0
0
0
0
0
0
0
56
416
363
0
0
0
0
0
0
0
0
0
0
0
0
0
450
503
0
0
0
0
0
0
0
0
0
0
0
674
1119
1365
1440
1269
1141
1198
1231
1141
1152
1131
1198
1196
1121
1090
1173
1148
1353
1303
1164
1105
1184
1106
1205
1085
1143
1161
1095
1227
1161
1141
1108
1238
1276
1130
1106
1102
1119
1084
1139
1123
1153
1140
1231
913
0
0
202
450
100
0
0
0
0
0
0
0
0
0
0
0
0
289
483
154
0
0
0
0
0
0
0
0
0
0
0
0
235
531
189
0
450
1055
1104
1030
1036
1051
1057
1060
1068
947
1066
1126
1174
1166
969
1024
1062
1165
1036
1056
1033
1046
1038
1010
954
948
1080
1155
1136
976
977
1057
1028
946
1025
955
1037
975
945
987
993
1016
1162
1168
1021
1031
1049
1003
1019
994
1017
986
996
986
1049
1006
1135
1141
1073
848
931
939
904
916
925
945
996
968
1029
1037
52
43
504
339
0
0
0
0
0
0
0
0
0
0
0
0
31
509
360
0
0
0
0
0
0
0
0
0
0
0
0
0
424
456
0
0
0
0
0
0
0
0
765
1019
1031
1011
1139
1139
1180
1003
997
983
1052
1020
997
1044
936
1033
971
1007
1036
1000
1052
1076
1037
920
1009
963
981
953
939
968
978
1022
964
899
1040
1117
1113
1017
960
983
914
877
907
919
980
963
930
981
978
956
1071
1132
1023
915
1082
988
899
920
962
984
932
990
1004
1010
1117
1080
1156
1116
1017
984
1059
989
1000
1049
684
0
0
0
0
0
174
432
87
0
0
0
0
0
0
0
0
0
0
0
0
199
442
237
0
0
0
0
0
0
0
0
0
0
0
0
106
437
340
0
0
0
252
949
991
995
1006
956
922
901
1077
1071
1149
1137
1035
1075
1003
979
1058
1065
1067
996
1031
1018
964
1015
1084
1110
1219
936
1066
1054
1061
1040
1007
1048
1061
1038
1007
1035
1117
1013
1236
1212
1035
1063
1059
1031
1050
990
1011
990
959
1003
991
1024
1026
1154
1114
985
1018
986
976
1031
971
1007
990
976
1000
751
0
0
367
488
31
0
0
0
0
0
0
0
0
0
0
0
0
324
430
130
0
0
0
0
0
0
0
0
0
0
0
0
233
477
0
0
0
0
0
0
822
1016
1049
1021
1004
1077
1069
1157
1242
1082
1041
752
0
0
0
0
0
0
0
0
1021
1087
1206
1248
1217
1176
1131
1089
1086
1033
1116
1157
1158
1218
1163
1153
1082
1190
1324
1186
1200
1134
1120
1122
1165
1139
1088
1086
1156
1086
1206
1129
1164
1348
1233
1195
1195
1141
1139
1097
1202
1147
1094
1137
1162
1216
1152
24
512
391
0
0
0
0
0
0
0
0
0
0
0
0
0
443
290
0
0
0
0
0
0
0
0
0
0
0
0
46
532
371
0
0
0
37
1129
1204
1272
1223
1278
1193
1238
1166
1240
1426
1336
1196
1222
1197
1212
1215
1220
1206
1221
1229
1282
1206
1191
1216
1367
1435
1329
1350
1297
1245
1270
1303
1341
1184
1319
499
0
0
0
365
496
93
0
0
0
0
0
0
0
0
0
0
0
0
219
544
0
0
0
0
0
0
0
0
0
0
0
0
598
1420
1460
1379
1249
1306
1353
1299
1257
1268
1302
1300
1253
1360
1391
1337
1448
1484
1357
1319
1318
1358
1345
1346
1327
1322
1335
1289
1475
1369
1316
1410
1460
1202
0
0
0
0
0
0
0
0
0
0
0
0
74
508
291
0
0
0
0
0
0
0
0
0
0
0
0
112
517
235
0
269
1342
1395
1493
1392
1350
1387
1365
1413
1437
1478
1517
1528
1599
1409
1340
1410
1414
1358
1383
1449
1386
1414
1541
1477
1488
1422
1277
388
0
0
0
0
0
0
0
0
0
0
0
0
0
434
523
10
0
0
0
0
0
0
0
0
0
0
0
620
773
1497
1392
802
0
0
589
1466
1391
1434
1416
1533
1490
1405
1435
1535
1609
1388
1364
1368
1388
1361
1394
1384
1319
1406
1498
1396
1345
1314
1454
1516
1349
1282
937
0
0
0
0
0
0
0
0
0
0
231
403
326
0
0
0
0
0
0
0
0
0
0
0
0
193
443
134
0
0
393
1377
1464
1433
1438
1569
1581
1518
1532
1538
1513
1698
1509
1452
1493
1429
1452
1391
1444
1415
1401
1666
1607
1487
1457
472
466
291
0
0
0
0
0
0
0
0
0
0
0
0
126
469
365
0
0
0
0
0
0
0
0
0
0
0
419
1306
1592
1439
1394
1348
1386
1394
1395
1465
1311
1332
1488
1321
1366
1349
1440
1481
1420
1275
1337
1321
1323
1254
1324
1217
1285
1487
1419
1310
1302
1321
1458
1320
1306
359
0
0
0
0
0
0
0
0
0
0
25
449
469
0
0
0
0
0
0
0
0
0
0
0
0
0
417
473
49
0
0
0
0
318
1085
1121
1200
1161
1153
1080
1101
1295
1220
1224
1205
1260
1182
1211
1222
1180
1159
1384
1211
1217
1252
1158
1189
1383
1155
1114
1167
1187
1237
1198
1119
1217
1209
1169
1171
1179
1173
1279
1345
1186
1119
1078
1097
1122
1107
1047
1095
1186
1108
1152
1070
1028
1167
1277
1124
1032
1123
35
0
0
0
0
0
0
0
0
0
204
387
235
0
0
0
0
0
0
0
0
0
0
0
0
139
422
242
0
0
0
0
0
0
0
0
0
0
0
0
1089
1230
1188
1045
977
1080
1066
1097
1097
1034
1137
989
1013
1033
1053
1083
1197
1180
1011
996
1076
1013
1026
1082
997
1052
1038
1003
1064
1018
1015
1117
1041
1090
27
0
0
0
0
0
0
0
0
0
0
65
496
345
0
0
0
0
976
990
961
983
918
882
953
919
1048
1070
1101
988
969
1063
1054
1001
1025
927
1069
1010
935
956
934
939
1077
1077
992
897
988
941
912
1005
983
973
938
904
922
910
985
1069
1074
1029
1013
942
962
1014
919
959
1119
1042
957
998
1041
958
1044
1067
940
943
947
909
968
927
870
1037
979
894
959
904
957
1056
1125
984
939
975
906
929
914
907
1009
983
932
963
972
893
1055
1142
977
905
1009
883
947
946
975
964
937
993
1028
940
953
1019
504
100
0
0
0
0
0
0
0
0
0
0
0
0
0
0
213
149
0
0
0
0
0
0
0
0
0
0
0
197
377
353
0
0
0
0
0
0
0
0
0
0
282
1111
1174
1366
1355
1131
1142
1072
1062
1035
1069
1081
1114
1041
1031
1079
1123
1050
1126
1138
1014
1021
946
1028
1031
1005
1220
1019
983
1006
1013
1063
1056
1173
1117
1030
1087
1057
1117
1130
1093
1124
1167
1090
1071
1051
975
1030
1186
1173
966
966
959
962
962
999
1039
1014
1071
1058
1012
1075
1045
1139
1259
1112
1114
1120
1132
1105
1255
1181
1172
1153
1126
1081
1048
0
360
366
100
0
0
0
0
0
0
0
0
0
0
0
0
302
443
82
0
0
0
0
0
0
0
0
0
0
0
0
372
407
156
0
0
0
0
0
0
0
0
838
1067
1041
1114
1154
1214
1157
1052
999
1021
1079
1037
1056
1034
1057
990
974
1046
997
1081
1092
1115
1078
971
1015
1046
1034
1104
1037
1005
975
999
1007
1021
1075
1063
1080
1036
966
1012
1024
995
1040
984
1017
1031
1019
1062
1172
1144
1174
1199
1169
1054
1028
1061
1042
1185
1067
1024
992
1017
1116
1001
991
1239
1095
1047
1059
997
1011
335
0
0
0
0
0
0
0
146
416
352
0
0
0
0
0
0
0
0
0
0
0
0
33
475
399
0
0
0
0
0
0
0
0
0
0
0
0
0
452
484
0
423
1315
1236
1211
1258
1276
1112
1148
1216
1223
1278
1100
1262
1312
1211
1141
1079
1079
1104
1212
1072
1092
1251
1466
1363
1222
1152
1229
1296
1216
1168
1146
1079
1111
1279
1088
1067
1123
1109
1156
1110
1174
1190
1257
1196
1137
1093
1148
1162
1285
1217
1205
1033
515
0
0
0
261
482
189
0
0
0
0
0
0
0
0
0
0
0
0
34
489
248
0
0
0
0
0
0
0
0
0
0
0
0
219
475
231
0
0
0
0
0
228
1010
996
1000
994
950
995
1010
1092
1093
965
952
1018
889
997
956
951
946
895
973
975
993
970
1146
1023
935
943
932
957
1043
990
973
980
904
937
920
895
972
1089
1022
942
965
884
926
935
917
966
974
987
988
951
970
969
1078
1043
949
922
842
926
1014
938
918
940
913
938
890
925
939
1078
1069
896
864
906
901
966
926
857
883
852
911
846
851
392
428
279
0
0
0
0
0
0
0
0
0
0
0
0
23
479
378
0
0
0
0
0
0
0
0
0
0
0
0
0
401
489
0
0
0
0
0
0
0
0
0
0
0
0
0
708
1062
985
908
959
977
954
941
980
948
860
967
937
899
918
1006
1035
944
913
925
884
945
886
890
889
901
925
926
879
904
896
971
890
889
877
926
834
827
881
901
891
888
878
837
921
992
980
930
890
859
912
971
958
840
941
878
932
851
943
847
932
948
935
926
947
952
917
916
875
866
877
918
890
910
957
991
1011
981
935
885
834
973
854
928
874
831
877
876
880
845
882
904
173
0
0
0
0
0
0
0
0
0
0
0
0
167
391
232
0
0
0
0
0
0
0
0
0
0
0
0
61
471
343
0
0
0
0
0
0
0
0
0
0
0
0
28
442
716
916
921
937
891
973
901
893
878
927
934
959
884
923
1081
1005
896
1002
926
961
928
1005
1025
950
1060
947
964
974
1039
1079
1061
994
942
958
1123
994
1017
931
894
943
883
883
815
879
1050
1033
889
916
938
890
907
957
898
940
936
931
895
903
941
1055
1051
939
934
943
976
930
929
850
877
930
471
0
0
0
263
474
140
0
0
0
0
0
0
0
0
0
0
0
0
197
443
214
0
0
0
0
0
0
0
0
0
0
0
0
136
431
302
0
0
0
0
0
0
0
842
985
944
951
931
963
1087
1029
1010
994
1037
953
1075
1210
1091
1114
1087
1070
1066
1011
1158
1216
1124
1025
1010
969
1073
1092
1108
1017
1140
1101
1053
1067
1092
1095
1136
1140
1038
1016
1186
1041
1062
1063
310
0
0
0
0
0
36
507
392
0
0
0
0
0
0
0
0
0
0
0
0
1
436
472
0
0
0
0
0
0
0
0
0
0
0
0
0
387
487
54
1035
1173
1145
1110
1127
1117
1128
1078
1106
1107
1119
1124
1314
1267
1122
1101
1296
1191
1194
1159
1092
1105
1124
1165
1151
1094
1129
1286
1298
1130
1109
1141
1032
1086
1149
1185
1062
0
0
0
0
0
293
482
146
0
0
0
0
0
0
0
0
0
0
0
0
216
493
225
0
0
0
0
0
0
0
0
0
0
0
0
147
463
1194
1158
1380
1288
1206
1168
1164
1097
1145
1203
1271
1135
1228
1218
1286
1284
1315
1281
1210
1093
1163
1158
1154
1163
1173
1203
1174
1223
1196
1348
1302
1149
1302
1225
1160
125
0
0
0
0
0
0
0
50
528
369
0
0
0
0
0
0
0
0
0
0
0
0
0
410
348
0
0
0
0
0
0
0
0
0
1044
1321
1388
1305
1506
1487
1326
1366
1311
1227
1298
1294
1342
1326
1377
1327
1275
1362
1272
1425
1441
1259
1490
1307
1261
1269
1324
744
0
0
0
0
0
0
381
424
128
0
0
0
0
0
0
0
0
0
0
0
0
274
451
0
0
0
0
0
0
0
0
0
0
567
1391
1340
1476
1511
1417
1358
1402
1316
1275
1418
1408
1280
1295
1297
1288
1338
1369
1337
1388
1309
1412
1310
1233
1251
1305
1313
1246
1246
1167
0
0
0
217
513
228
0
0
0
0
0
0
0
0
0
0
0
0
191
192
0
192
0
0
0
0
0
0
0
0
0
0
0
378
1327
1291
1295
1212
1152
1185
1194
1224
1116
1117
1169
1255
1268
1193
1236
1305
1221
1321
1166
1156
1153
1147
1192
1161
1141
1174
1137
1263
1178
1237
1325
1242
1223
1093
1100
1084
1083
1259
1115
1084
1092
1101
1128
1111
444
491
401
346
0
0
0
0
0
0
0
0
0
0
0
39
360
414
242
0
0
0
0
0
0
0
0
0
0
0
0
376
483
48
0
0
0
302
1110
1047
1051
1097
1105
1094
1049
1058
1067
1144
1047
1007
994
1022
988
1023
1004
1002
1057
1028
1053
961
1013
1106
1096
1110
1012
978
1063
969
1031
1007
1054
955
954
1038
987
1001
1097
1114
1079
1009
1025
1023
959
1046
1015
968
979
984
973
985
937
1046
1052
1098
997
914
952
929
936
998
887
949
896
917
930
970
1033
1046
993
885
900
942
959
909
943
909
918
856
996
919
940
960
1032
1156
910
931
895
894
965
909
881
907
980
986
912
947
1010
1061
1021
915
912
884
855
984
874
889
919
895
871
918
872
977
397
301
0
0
0
0
0
0
0
0
0
0
0
0
63
345
242
0
0
0
0
0
0
0
0
0
0
0
0
156
343
317
0
0
0
0
0
0
0
0
0
0
0
0
75
348
391
0
80
841
806
908
840
850
813
854
852
797
842
892
934
1079
872
826
881
751
816
842
853
843
846
881
808
805
872
944
1001
818
824
802
826
877
784
842
834
837
858
830
866
925
990
1158
914
895
909
858
865
814
859
805
819
786
804
823
821
923
1034
865
817
828
777
816
787
784
834
770
820
779
778
787
905
940
859
775
776
728
734
778
708
773
761
794
716
770
802
867
930
830
793
791
845
806
848
783
807
736
801
752
738
832
902
1050
858
797
798
803
776
773
776
764
772
783
791
858
871
906
1021
959
871
868
840
855
834
878
820
816
760
785
808
803
833
996
916
847
824
755
773
775
851
771
814
836
816
846
869
1042
1067
996
926
924
933
991
895
914
866
859
830
826
830
775
863
1145
1042
909
892
895
920
879
901
950
837
896
859
820
854
889
1062
985
953
899
928
899
884
911
415
0
0
0
0
0
6
347
311
0
0
0
0
0
0
0
0
0
0
0
0
47
361
377
0
0
0
0
0
0
0
0
0
0
0
0
0
0
0
0
0
0
0
0
0
0
0
0
0
592
824
821
890
923
934
897
872
887
828
866
866
857
889
899
849
870
932
912
870
900
883
917
971
922
886
916
986
931
886
846
886
933
881
890
880
851
878
940
860
901
937
926
872
866
869
920
864
999
887
872
868
860
866
893
901
829
859
903
896
876
865
888
873
772
859
853
840
919
909
844
874
829
830
847
792
870
884
938
959
892
948
902
915
916
855
904
883
959
927
846
824
805
909
881
906
920
912
330
0
0
0
0
0
0
0
0
0
0
0
0
0
0
0
0
0
0
0
0
0
0
0
0
0
0
0
0
0
0
0
0
0
0
0
0
0
0
0
0
0
0
0
0
0
0
0
796
804
890
824
815
819
821
854
862
838
889
874
965
815
807
821
836
808
843
816
844
857
987
895
943
855
947
867
857
825
835
841
849
859
845
830
854
869
865
866
856
893
881
852
793
843
843
848
870
864
885
847
961
880
937
870
854
956
896
927
892
930
887
909
969
911
914
891
864
817
899
907
921
911
907
887
931
789
845
852
819
870
973
858
856
824
869
905
813
879
844
912
940
974
905
925
914
869
0
0
0
0
0
0
0
0
0
0
0
0
0
0
0
0
0
0
0
0
0
0
0
0
0
0
0
0
0
0
0
0
0
0
0
0
0
0
0
0
0
0
0
0
938
897
813
903
912
890
885
813
824
845
893
873
923
866
848
843
846
838
836
862
847
807
852
795
799
810
796
781
812
826
909
860
835
841
838
886
865
821
747
784
785
786
827
752
792
766
813
815
739
795
858
753
786
776
753
770
813
683
706
724
867
745
811
719
765
766
808
799
823
723
770
775
793
767
778
792
763
722
745
757
769
767
745
789
766
765
696
708
715
750
872
752
792
708
723
756
755
745
694
745
840
783
735
779
767
728
706
780
780
805
807
754
752
710
744
740
737
717
752
731
861
765
748
696
788
678
737
752
837
675
781
740
826
716
739
802
726
765
782
769
805
829
770
755
699
768
757
746
777
776
827
747
726
777
734
774
776
794
768
723
787
727
763
747
736
742
762
713
759
753
773
699
732
762
727
729
740
747
744
729
789
799
844
818
822
841
776
751
802
840
817
765
878
795
724
737
781
726
747
721
839
754
774
744
774
806
843
825
831
712
807
783
781
794
762
743
811
808
792
782
784
749
783
728
763
826
789
760
754
760
770
749
798
844
765
780
726
774
741
774
827
728
702
402
0
0
0
0
0
0
0
0
0
0
0
0
0
0
0
0
0
0
0
0
0
0
0
0
0
0
0
0
0
0
0
0
0
0
0
0
0
0
0
0
0
0
0
0
0
0
0
0
0
0
0
0
0
0
0
497
968
808
857
787
782
895
775
800
814
814
883
852
878
840
818
888
857
817
836
788
849
791
799
779
883
879
794
823
832
851
957
804
885
839
821
871
871
861
854
859
884
858
879
869
900
959
878
867
905
930
941
934
889
866
891
922
839
848
887
832
1020
878
924
883
898
968
888
880
912
956
975
939
941
895
982
983
924
908
918
900
982
932
991
1025
898
1035
979
977
985
180
0
0
0
0
0
0
0
0
0
0
0
0
0
0
0
0
0
0
0
0
0
0
0
0
0
0
0
0
0
0
0
0
0
0
0
0
0
0
0
0
0
96
999
1038
1038
1066
1057
983
1020
1000
1076
1004
1010
960
1054
1036
993
931
985
1009
1085
993
1001
1014
924
1044
1029
989
1010
959
1120
1044
1047
1002
988
1146
1003
1072
1088
1102
1078
1064
1076
1052
1078
1076
1051
1086
1069
1033
1258
1077
1080
1134
1061
986
0
0
0
0
0
0
0
0
0
0
0
0
0
0
0
0
0
0
0
0
0
0
0
0
0
0
0
0
0
0
0
0
0
0
0
0
996
1154
1223
1226
1209
1146
1152
1095
1194
1107
1132
1114
1145
1167
1142
1149
1183
1110
1295
1167
1129
1095
1094
1152
1140
1139
1131
1230
1190
1116
1195
1175
1206
1174
1196
1216
1170
1224
584
0
0
0
0
0
0
0
0
0
0
0
0
0
0
0
0
0
0
0
0
0
0
0
0
0
0
0
0
0
0
0
0
0
1158
1330
1284
1326
1188
1307
1407
1295
1310
1268
1204
1297
1321
1319
1290
1294
1316
1277
1291
1281
1318
1300
221
0
0
0
0
0
0
0
0
0
0
0
0
0
0
0
0
0
0
0
0
0
0
0
0
0
0
907
1588
1596
1547
1620
1628
1746
1685
1638
1707
1641
1394
0
0
0
0
0
0
0
0
0
0
0
0
0
0
0
0
0
0
0
0
0
0
0
0
319
1591
1493
1655
1519
1636
1556
1516
1555
1530
1592
1721
1566
1545
1544
1459
0
0
0
0
0
0
0
0
0
0
0
0
0
0
0
0
0
0
0
0
0
0
0
0
0
0
0
460
1311
1352
1341
1310
1379
1307
1325
1342
1275
1357
1330
1300
1329
1269
1307
1383
1305
1302
1206
1265
1196
1263
1232
1166
1169
1209
1212
1250
1152
1199
1223
1216
1215
1166
1199
1235
1200
1209
321
0
0
0
0
0
0
0
0
0
0
0
0
0
0
0
0
0
0
0
0
0
0
0
0
0
0
0
0
0
0
684
1197
1150
1293
1217
1082
0
0
0
0
816
1094
1151
584
0
462
1163
1136
1268
1088
1148
1112
1131
1096
1109
1129
1106
1128
1127
1157
1108
1121
1082
1147
1143
1077
1061
1163
1071
1048
1089
1113
1057
1105
1057
1046
1091
1103
1221
1058
1059
1113
1033
1072
1050
1036
1038
1077
1057
1059
1044
1067
989
1062
1021
989
1012
963
1098
966
964
954
1022
934
960
990
930
905
1011
992
1113
955
1061
1073
986
1054
992
919
1012
1006
953
1031
1019
1040
1038
1032
943
1028
741
0
0
0
0
0
0
0
0
0
0
0
0
0
0
0
0
0
0
0
0
0
0
0
0
0
0
0
0
0
0
0
0
0
0
0
0
0
0
0
0
0
0
0
2
940
1000
999
998
937
916
925
939
907
972
1082
962
922
898
935
1062
1038
1062
1051
1026
1092
1003
1021
965
1013
1088
1045
943
943
1053
1054
1051
1075
1015
1024
1064
1110
1179
1124
1146
1170
1181
1057
1095
1114
1162
1084
1111
1102
1103
1167
1159
1129
1101
1160
1259
1199
1227
1161
1163
1153
1101
1130
1118
1180
1232
1164
1120
1088
508
0
0
0
0
0
0
0
0
0
0
0
0
0
0
0
0
0
0
0
0
0
0
0
0
0
0
0
0
0
0
0
0
0
0
0
0
0
0
906
1071
1116
1124
1090
1032
1030
1085
1072
1065
1059
1004
1013
1038
1097
1060
1117
1061
996
1042
1118
1121
1222
1069
1064
1114
1066
1058
1071
1116
1068
1062
1067
1110
1046
1070
1019
1172
1050
1006
983
1017
1010
1084
946
993
996
1010
1054
1038
1007
981
980
977
1008
1057
1032
1006
1010
988
1005
941
974
981
921
961
963
1089
946
961
962
974
924
962
951
1010
1029
1034
917
950
931
968
984
1005
298
0
0
0
0
0
0
0
0
0
0
0
0
0
0
0
0
0
0
0
0
0
0
0
0
0
0
0
0
0
0
0
0
0
0
0
0
0
0
0
0
0
0
0
873
989
925
902
898
954
1006
982
1018
973
954
1019
1030
1037
1083
998
944
1056
1017
1087
1092
1036
1084
986
1050
1054
1042
1014
1010
1164
1055
1032
1031
1026
976
1036
1037
1030
999
1034
1037
1035
1050
1054
1019
1042
1069
1012
1055
1070
998
1058
988
1033
1097
1118
1055
1000
1001
1086
1010
1054
974
1058
989
965
0
0
0
0
0
0
0
0
0
0
0
0
0
0
0
0
0
0
0
0
0
0
0
0
0
0
0
0
0
0
0
0
0
0
0
0
0
0
0
595
996
1007
984
1009
949
1023
1015
963
991
976
944
999
998
1041
1009
1025
1022
1013
1089
1078
1088
1060
1047
1125
1063
1048
1027
1044
1119
1043
1095
1029
1050
1073
1081
1014
1057
1069
1025
1009
992
1014
985
1088
1054
1006
1022
995
1070
986
976
1006
977
1075
1006
997
1012
968
1048
956
1033
1028
938
1043
999
1042
88
0
0
0
0
0
0
0
0
0
0
0
0
0
0
0
0
0
0
0
0
0
0
0
0
0
0
0
0
0
0
0
0
0
0
0
0
0
0
0
75
972
1104
969
931
965
972
923
901
953
920
912
948
881
902
887
931
970
870
924
898
961
921
932
910
964
966
1053
1005
901
906
952
926
925
917
991
900
907
909
892
840
876
956
891
904
928
896
915
872
891
854
859
932
884
847
862
835
990
896
872
866
847
912
829
861
839
860
875
869
882
844
850
881
923
876
829
918
955
961
910
882
915
881
835
830
860
901
823
849
826
843
853
928
788
822
815
810
875
860
902
870
853
890
799
777
827
790
799
845
856
839
889
914
769
0
0
0
0
0
0
0
0
0
0
0
0
0
0
0
0
0
0
0
0
0
0
0
0
0
0
0
0
0
0
0
0
0
0
0
0
0
0
0
0
0
0
0
823
1040
1033
1036
1043
1081
1040
1052
1056
1078
1049
998
1026
1006
1077
991
1041
991
969
988
1167
959
906
953
1055
1035
974
1047
988
1038
1034
979
1040
1014
957
1025
1033
942
965
915
987
1024
960
938
974
921
960
847
0
0
0
0
0
0
0
0
0
0
0
0
0
0
0
0
0
0
0
0
0
0
0
0
0
0
0
0
0
0
0
0
0
0
0
0
0
0
0
0
0
604
1051
1081
1062
1027
1104
972
1065
1095
991
1091
1137
1108
976
1043
1018
1031
1063
1035
1082
1092
1131
1110
986
1009
993
993
1074
1052
957
1038
1075
1010
1040
1050
966
996
1059
1047
1112
1083
1065
1059
1202
1044
904
0
0
0
0
0
0
0
0
0
0
0
0
0
0
0
0
0
0
0
0
0
0
0
0
0
0
0
0
0
0
0
0
0
0
0
0
0
0
0
0
421
1136
1069
1087
1113
1067
1113
1112
1113
1074
1142
1084
1105
1107
1099
1137
1073
1151
1122
1123
1158
1077
1134
1137
1070
1179
1134
1094
1196
1186
1157
1147
1079
1043
1073
1081
1131
1057
442
0
0
0
0
0
0
0
0
0
0
0
0
0
0
0
0
0
0
0
0
0
0
0
0
0
0
0
0
0
0
0
0
0
0
0
927
1314
1237
1142
1202
1277
1262
1200
1122
1239
1187
1296
1254
1227
1211
1218
1271
1202
1133
1255
1181
1238
1240
1186
1197
1305
1288
1252
1177
1208
1060
0
0
0
0
0
0
0
0
0
0
0
0
0
0
0
0
0
0
0
0
0
0
0
0
0
0
0
0
0
0
0
0
2
1193
1179
1387
1424
1291
1317
1327
1435
1293
1327
1296
1252
1318
1298
1320
1301
1361
1413
1357
1313
1343
1348
1386
1332
1358
1412
292
0
0
0
0
0
0
0
0
0
0
0
0
0
0
0
0
0
0
0
0
0
0
0
0
0
0
0
0
0
0
0
1135
1415
1332
1354
1379
1272
1352
1347
1355
1583
1396
1400
1375
1334
1346
1416
1342
1340
1348
1413
1356
1362
1284
1392
1439
1407
1322
0
0
0
0
0
0
0
0
0
0
0
0
0
0
0
0
0
0
0
0
0
0
0
0
0
0
0
0
0
0
0
202
1427
1264
1343
1344
1392
1440
1387
1386
1350
1373
1611
1373
1373
1383
1300
1364
1442
1340
1417
1378
1415
1350
1495
1413
607
0
0
0
0
0
0
0
0
0
0
0
0
0
0
0
0
0
0
0
0
0
0
0
0
0
0
0
0
183
1486
1511
1441
1444
1448
1443
1437
1448
1418
1480
1442
1486
1430
1438
1443
1388
1620
1427
1512
1425
1455
1484
1495
565
0
0
0
0
0
0
0
0
0
0
0
0
0
0
0
0
0
0
0
0
0
0
0
0
0
0
0
0
320
1403
1468
1420
1485
1443
1438
1455
1457
1580
1596
1572
1543
1536
1544
1446
1446
1389
1467
1520
1514
1369
1432
1400
670
0
0
0
0
0
0
0
0
0
0
0
0
0
0
0
0
0
0
0
0
0
0
0
0
0
0
0
0
676
1615
1428
1416
1448
1366
1505
1464
1349
1455
1395
1431
1401
1365
1419
1477
1545
1409
1447
1381
1392
1437
1407
1538
1495
953
0
0
0
0
0
0
0
0
0
0
0
0
0
0
0
0
0
0
0
0
0
0
0
0
0
0
0
0
0
17
1328
1326
1380
1363
1308
1546
1438
1355
1377
1420
1493
1437
1546
1463
1463
1534
1519
1534
1501
1579
1607
1100
0
0
0
0
0
0
0
0
0
0
0
0
0
0
0
0
0
0
0
0
0
0
0
0
0
0
0
0
0
0
368
1395
1331
1267
1359
1349
1368
1298
1314
1387
1382
1338
1335
1431
1246
1328
1344
1183
81
0
0
0
0
0
0
0
0
0
0
0
0
0
0
0
0
0
0
0
0
574
1184
1231
1211
1325
1200
1235
1248
1193
1253
1244
1241
1223
1285
1261
1260
1252
1198
1179
1325
1291
1242
1242
1171
1190
1236
1237
1207
1186
1154
1161
1176
1201
1141
1249
1104
1130
1194
1158
1223
776
0
0
0
0
0
0
0
0
0
0
0
0
0
0
0
0
0
0
0
0
0
0
0
0
0
0
0
0
0
0
0
0
0
0
0
0
0
940
544
0
1195
1163
1270
1237
1155
1127
1175
1167
1172
1104
1117
1140
1111
1150
1129
1136
1127
1094
1154
1150
1107
1076
1106
1095
1081
1152
1048
1089
1099
1135
1117
1054
1122
1161
1105
1100
1085
1044
640
0
0
0
0
0
0
0
0
0
0
0
0
0
0
0
0
0
0
0
0
0
0
0
0
0
0
0
0
0
0
0
0
0
0
32
1
3
3
6
4
3
5
1
4
10
3
4
4
0
17
1
0
6
2
14
6
8
8
71
642
880
1136
1049
1075
1309
1148
1153
1120
1008
1090
1077
1146
1059
1071
1096
1076
1149
1080
1109
1150
1140
1075
1082
1116
1258
1203
1214
1138
1223
1165
1232
1154
1127
1151
1236
1160
1098
1167
1296
1277
1223
1126
1102
1179
1134
1144
1149
1032
1098
1058
1036
1081
1086
1080
1159
1156
93
0
0
0
0
0
0
0
0
0
0
0
0
0
0
0
0
0
0
0
0
0
0
0
0
0
0
0
0
0
0
0
0
0
0
0
0
0
0
198
1037
1050
1091
1064
1035
1079
1040
1096
1074
997
1080
1026
1045
1058
1044
1049
1045
1009
1066
1022
1033
1038
1053
1032
1015
1042
984
1051
1159
995
1101
1064
1035
971
1084
907
1033
923
982
981
1016
996
1032
1058
1009
1061
1104
1017
983
974
1049
1015
1034
1019
1035
1020
962
987
1153
1048
1133
1136
987
1079
996
1024
1006
1022
996
1004
153
0
0
0
0
354
374
102
0
0
0
0
0
0
0
0
0
0
0
0
259
422
142
0
0
0
0
0
0
0
0
0
0
0
0
223
429
185
0
0
0
0
0
0
566
937
956
974
1000
975
1048
1127
996
988
1020
958
958
962
995
908
936
921
885
957
907
1010
1079
1051
1006
965
977
967
989
1014
1001
975
999
981
1064
994
972
1084
1073
940
991
941
1006
968
1020
976
1033
952
928
1025
979
1000
1163
1034
996
1055
974
986
1013
1024
1076
1032
1104
1083
1128
979
1123
1240
1146
1050
497
0
0
0
0
0
0
0
0
0
0
55
404
376
0
0
0
0
0
0
0
0
0
0
0
0
26
344
438
16
0
0
0
0
0
0
0
0
0
0
0
0
350
346
477
999
902
974
970
991
932
962
888
922
1037
952
1006
1024
1027
1021
936
941
968
904
899
918
953
910
957
967
978
971
1041
1011
991
915
971
945
976
958
974
983
1024
975
1017
965
948
971
1029
991
1022
1006
980
983
1032
942
972
938
936
961
947
948
1045
1134
1139
1065
1024
1047
1005
1044
1012
59
0
0
0
0
0
224
426
199
0
0
0
0
0
0
0
0
0
0
0
0
195
393
252
0
0
0
0
0
0
0
0
0
0
0
0
121
401
297
0
0
0
0
0
356
967
935
988
1032
956
997
1065
1088
1066
976
1019
1034
996
1008
978
985
936
973
971
1006
955
989
1070
1115
773
0
0
0
0
0
0
0
0
0
0
0
0
363
341
0
0
0
0
0
0
0
0
0
0
0
0
27
370
409
59
0
0
0
0
0
0
0
0
0
0
0
2
354
355
137
0
0
0
0
0
0
0
0
0
0
0
0
229
407
196
0
0
0
0
0
0
0
0
0
0
0
0
200
395
60
0
0
0
0
0
0
0
0
0
0
0
0
279
924
913
882
845
864
849
828
845
859
799
881
798
824
868
898
977
904
884
863
791
766
768
883
793
794
928
776
774
812
857
927
919
827
826
746
791
799
859
852
795
852
793
867
786
841
725
145
0
0
0
0
0
0
0
0
0
0
0
0
174
332
277
0
0
512
912
902
902
892
880
834
905
899
854
904
1011
973
789
810
874
855
936
864
897
833
903
865
817
855
861
991
939
795
873
818
854
836
855
779
876
852
846
886
823
805
936
971
919
889
900
833
846
799
817
812
893
813
787
823
844
927
983
821
838
859
819
806
815
832
885
892
853
865
860
882
955
943
910
889
883
838
912
898
848
864
969
871
871
894
859
1048
992
859
841
859
948
851
848
884
848
923
991
952
932
936
991
1110
971
912
942
1023
950
867
916
905
589
0
0
0
0
300
393
102
0
0
0
0
0
0
0
0
0
0
0
0
223
439
144
0
0
0
0
0
0
0
0
0
0
0
0
202
388
216
0
0
0
0
0
0
0
0
224
876
899
957
1039
1071
1000
918
935
1007
906
903
923
948
1044
957
956
954
967
1034
1047
1039
991
981
940
894
1004
1002
893
974
989
987
959
1002
958
1083
1092
975
938
968
950
936
951
985
989
951
910
949
959
1005
1045
1001
941
1003
986
1006
1010
858
1022
945
907
932
942
1015
1060
1139
933
0
0
0
0
0
0
0
0
0
0
0
0
41
373
408
0
0
0
0
0
0
0
0
0
0
0
0
5
350
437
18
0
0
0
0
0
0
0
0
0
990
1059
1049
1134
1182
1159
1031
1066
1093
1054
1057
1063
1154
1083
1067
1052
1073
1143
1133
1242
1187
1092
1088
1120
1113
1167
1186
1277
1212
1131
1126
1136
1149
1177
1237
1172
1099
1126
1153
1094
1153
1076
1186
1061
784
0
0
0
118
450
166
0
0
0
0
0
0
0
0
0
0
0
0
205
388
289
0
0
0
0
0
0
0
0
0
0
0
0
159
425
308
238
1188
1171
1240
1163
1247
1394
1261
1359
1225
1235
1179
1287
1384
1310
1234
1210
1248
1304
1262
1200
1201
1190
1198
1190
1189
1363
1313
1334
1373
1233
1253
152
0
0
0
0
0
0
0
0
0
12
385
351
0
0
0
0
0
0
0
0
0
0
0
0
44
430
347
120
0
0
0
0
22
1358
1292
1283
1350
1300
1292
1254
1398
1443
1229
1275
1275
1253
1302
1220
1318
1268
1284
1333
1353
1318
1335
1442
1529
1392
1274
1308
803
0
0
0
0
0
0
0
0
0
236
457
250
0
0
0
0
0
0
0
0
0
0
0
0
205
408
155
0
0
0
0
0
843
1423
1295
1286
1265
1350
1282
1417
1409
1347
1297
1296
1301
1266
1338
1268
1316
1321
1300
1287
1277
1255
1286
1392
1373
1325
1241
1300
1239
1056
0
0
0
0
0
0
0
185
376
339
0
0
0
0
0
0
0
0
0
0
0
0
60
462
393
0
0
0
0
0
0
0
0
0
331
1184
1231
1205
1321
1263
1167
1217
1145
1147
1193
1208
1235
1129
1153
1132
1160
1137
1251
1313
1211
807
0
0
0
0
0
0
0
0
0
0
0
43
390
434
0
0
0
0
0
0
0
383
1089
1093
1144
1068
1044
1182
1150
1096
1097
1183
1123
1163
1215
1126
1125
1018
1114
967
1037
1142
1213
1165
1120
1073
1039
1024
981
1066
1002
1015
986
991
1021
1005
1085
1102
1124
1092
993
1040
997
1026
1085
1009
986
1024
986
1048
941
994
1128
1068
980
940
941
991
782
0
0
0
0
0
0
0
2
321
349
144
0
0
0
0
0
0
0
0
0
0
0
0
224
352
215
0
0
0
0
0
0
0
0
0
0
0
0
203
336
295
0
0
0
488
1013
925
941
917
952
918
894
921
960
1094
1038
946
908
975
860
913
894
949
915
922
929
942
893
933
976
972
848
851
894
935
1007
933
911
833
940
903
951
884
917
951
981
911
906
809
893
862
917
905
884
849
871
909
890
914
961
998
852
869
905
865
893
844
829
856
873
861
835
844
931
972
1013
894
910
806
836
869
904
843
828
799
878
819
826
797
878
974
859
814
885
845
947
903
860
815
908
841
850
796
891
896
915
879
790
827
853
840
778
814
644
0
0
0
0
1
256
383
100
0
0
0
0
0
0
0
0
0
0
0
40
210
376
64
0
0
0
0
0
0
0
0
0
0
0
27
310
318
126
0
0
0
0
0
0
0
0
0
0
130
885
902
927
839
858
830
795
880
832
903
933
970
962
970
1016
1043
1057
1166
1034
1077
1003
1003
1049
949
966
936
1003
1055
1055
1030
1046
1049
1190
1079
1004
1054
1010
1021
963
987
999
943
954
1014
997
1026
1030
1103
1001
1005
965
990
1135
1004
1029
1085
992
986
1112
940
1022
1036
1081
1114
1104
965
1042
1038
972
996
1002
620
0
0
0
0
31
366
316
0
0
0
0
0
0
0
0
0
0
0
59
153
332
330
0
0
0
0
0
0
0
0
0
0
0
0
31
420
448
0
0
0
0
0
759
1060
965
970
989
965
955
1004
1130
1109
1028
982
998
956
979
1026
982
1029
1061
1002
997
987
947
1149
1103
1036
966
1042
1040
965
955
987
950
953
999
1018
968
1020
1096
1129
1019
976
1090
1001
1029
1047
1050
1036
1039
1029
1056
1021
986
1094
1021
1102
968
1056
706
0
0
0
0
0
0
0
0
0
191
401
167
0
0
0
0
0
0
0
0
0
0
0
0
264
484
192
0
0
0
0
0
0
0
0
0
0
0
0
227
449
359
1066
1030
1076
1139
1071
1048
1051
1089
1052
1014
1020
1039
1117
1255
1196
1022
1096
1192
1225
1166
1139
1191
1203
1170
1145
1124
1112
1083
1207
1179
1080
1069
1060
828
0
0
0
0
0
0
0
0
9
382
462
72
0
0
0
0
0
0
0
0
0
0
0
0
398
371
64
0
0
0
0
0
0
0
0
0
0
0
61
357
443
962
913
1069
1020
977
1003
923
1009
988
985
982
968
1020
1149
1131
1116
1000
1032
1051
981
1008
1024
1013
1029
1002
970
941
974
1125
1169
982
955
1060
990
963
968
1002
1049
1029
1002
894
959
932
1134
1130
1055
968
936
545
0
0
0
0
0
0
0
0
0
251
437
185
0
0
0
0
0
0
0
0
0
0
0
0
213
460
274
0
0
0
0
0
0
0
0
0
0
0
0
181
383
321
0
438
919
949
883
805
908
857
908
948
871
920
973
1089
968
885
894
883
877
853
926
944
922
924
902
901
909
904
1039
957
874
926
946
810
846
883
834
819
857
900
850
866
896
982
1091
872
900
861
832
910
820
941
860
888
856
885
845
849
1017
991
821
881
879
864
873
878
873
862
867
868
879
865
830
989
930
838
819
862
808
840
833
779
56
0
0
0
0
5
344
362
126
0
0
0
0
0
0
0
0
0
0
0
0
313
376
0
0
0
0
0
0
0
0
0
0
0
0
21
381
416
8
0
0
0
0
0
0
0
0
0
0
0
0
356
486
789
788
743
793
751
739
747
725
763
755
748
752
693
814
880
836
861
770
824
870
821
799
843
907
858
955
945
815
999
1061
866
810
882
897
918
894
894
855
856
849
806
764
797
861
941
947
853
817
847
802
920
932
897
884
796
807
859
832
932
998
997
863
870
833
791
800
822
819
871
797
814
797
793
911
1011
935
934
917
915
985
888
830
855
882
884
836
899
874
892
465
291
0
0
0
0
0
0
0
0
0
0
0
0
141
393
313
0
0
0
0
0
0
0
0
0
0
0
0
57
432
348
0
0
0
0
0
0
0
0
0
0
0
0
18
378
996
896
829
857
895
878
857
877
905
838
866
817
895
860
1013
1013
934
893
896
928
864
949
958
952
874
979
939
935
915
1034
1108
997
893
972
922
943
916
934
966
863
869
954
934
904
1013
1179
985
914
913
850
920
848
827
956
938
918
914
882
897
992
976
1086
852
865
947
890
885
845
878
305
0
0
0
0
186
396
103
0
0
0
0
0
0
0
0
0
0
0
0
247
442
155
0
0
0
0
0
0
0
0
0
0
0
0
205
418
227
0
0
0
0
0
0
0
0
0
458
939
980
1016
1011
1140
1031
964
957
917
930
903
878
903
918
886
917
944
936
1017
1042
865
903
913
914
913
937
894
918
904
880
941
986
960
1116
1208
898
917
899
932
958
869
832
908
903
984
939
916
900
1074
1136
836
892
886
864
838
890
964
922
948
944
944
256
0
359
459
92
0
0
0
0
0
0
0
0
0
0
0
0
348
409
143
0
0
0
0
0
0
0
0
0
0
0
0
223
522
0
0
0
0
0
0
0
634
1012
1005
1017
1071
1077
1197
1270
1185
1026
1123
1026
1023
953
1025
1045
1033
1048
990
1043
1042
1117
1325
1116
1038
1045
1045
1014
1007
1035
1052
1007
1163
1039
1048
600
193
425
298
0
0
0
0
0
0
0
0
0
0
0
0
94
493
157
0
0
0
0
0
0
0
0
0
0
0
0
199
398
178
0
608
1183
1214
1168
1191
1148
1239
1158
1165
1229
1188
1255
1405
1328
1206
1254
1142
1172
1233
1268
1242
1166
1270
1263
1204
1151
1201
1352
1346
740
0
0
0
0
0
0
0
0
0
0
0
62
383
512
0
0
0
0
0
0
0
0
0
0
0
0
26
371
480
38
0
0
0
48
1278
1226
1238
1289
1331
1240
960
0
331
413
0
0
0
0
0
974
1212
1231
1249
1310
1225
1252
1209
1414
1383
1208
1172
1210
1275
1142
1185
1218
1283
1269
1213
1206
1235
1145
1403
1412
1267
1182
1177
1279
1242
203
0
0
0
0
0
0
0
327
439
166
0
0
0
0
0
0
0
0
0
0
0
0
237
455
261
0
0
0
0
0
0
0
0
270
1165
1079
1138
1228
1261
1206
1182
1150
322
0
0
0
0
0
0
0
0
78
1252
1288
1276
1200
1243
1193
1182
1093
1116
1060
1102
1089
1109
1120
1050
1211
1188
1164
1105
1113
1081
1042
971
1075
1106
1033
1061
1024
1094
1088
1290
1230
1271
1076
1119
1009
1094
1027
1080
1017
1051
992
1139
775
0
53
455
413
0
0
0
0
0
0
0
0
0
0
0
0
17
392
443
74
0
0
0
0
0
0
0
0
0
0
0
6
369
361
0
0
0
0
0
462
978
1070
973
1057
1038
1013
1130
1137
1156
1002
1038
1018
939
1021
1023
1050
1067
1076
926
966
976
1017
966
1136
1024
970
958
948
964
997
944
1038
1046
1038
1011
982
1090
1091
1099
969
925
994
996
990
994
1059
1021
1010
973
1054
905
928
1073
1050
1045
946
938
963
988
1053
192
0
0
0
0
0
0
219
369
265
0
0
0
0
0
0
0
0
0
0
0
0
161
357
146
0
0
0
0
0
0
0
0
0
0
0
0
219
396
248
47
1180
1196
1087
1099
1128
1066
1024
1139
1108
1183
1270
1241
1211
1208
1170
1080
1102
1142
1179
1197
1075
1096
1086
1176
1129
1260
1180
1234
1187
1044
1033
1116
1039
1001
1010
1053
1066
1077
1076
1081
1029
1034
428
390
28
0
0
0
0
0
0
0
0
0
0
0
21
368
322
89
0
0
0
0
0
0
0
0
0
0
0
78
309
348
0
0
0
0
0
0
0
0
449
1067
978
1156
1100
1103
1106
1136
1084
1019
999
1069
1025
1004
1036
1011
1015
955
1010
965
1086
1050
1016
964
988
941
1003
954
933
972
964
980
1013
1026
981
1047
1159
1024
927
947
905
943
895
992
845
953
937
944
988
934
1024
1010
994
1011
305
0
0
0
0
0
0
0
0
0
7
292
367
152
0
0
0
0
0
0
0
0
0
0
0
0
234
373
229
0
0
0
0
0
0
0
0
0
0
0
0
249
1108
1095
1029
975
967
991
1038
1107
1063
1033
1010
1047
1058
1119
1088
1146
1093
1071
1044
1014
1108
1016
963
1060
984
1001
1013
1081
1046
1030
1159
1116
958
985
984
967
954
980
961
951
929
990
963
919
984
1093
1073
967
931
855
934
881
907
873
961
899
923
945
968
1004
1059
1019
129
0
0
0
0
0
0
0
0
0
0
0
65
390
398
0
0
0
0
0
0
0
0
0
0
0
0
36
348
362
122
0
0
0
0
0
0
0
0
0
0
0
8
439
954
994
955
923
928
856
919
938
931
884
871
974
899
863
1017
1067
970
902
946
915
941
904
926
929
912
910
953
980
837
990
968
953
846
871
936
942
924
914
952
822
883
1060
937
894
939
944
972
861
912
927
874
880
951
887
850
884
917
912
910
973
992
983
892
854
895
854
820
824
866
823
866
925
911
883
1071
1092
994
981
849
891
891
965
952
864
865
865
905
911
830
887
1023
950
911
982
864
855
890
818
853
859
562
0
0
0
49
354
264
0
0
0
0
0
0
0
0
0
0
0
0
116
415
346
0
0
0
0
0
0
0
0
0
0
0
0
143
249
296
67
0
0
0
0
0
0
0
0
0
0
0
439
952
969
927
790
844
850
827
789
817
813
847
918
840
844
810
953
993
926
870
833
848
871
816
909
843
863
851
898
880
846
909
1040
877
867
852
791
803
775
860
836
804
882
887
785
800
952
973
840
738
791
815
772
771
834
839
791
839
779
825
769
911
922
856
817
830
855
875
827
867
821
804
944
869
825
778
872
870
840
790
732
801
806
789
787
717
675
794
819
802
776
851
941
869
851
777
740
748
770
916
1020
997
1037
987
844
874
962
974
895
804
779
765
876
760
799
758
763
721
770
726
717
804
820
786
687
739
704
805
738
701
748
729
842
704
749
676
844
839
826
778
683
728
785
689
761
753
795
836
755
836
704
778
940
856
735
744
791
717
714
715
796
724
717
759
734
756
819
862
868
738
727
752
760
758
696
734
816
764
753
690
774
822
877
815
706
679
667
0
0
0
0
0
0
0
0
0
0
0
0
154
182
0
0
0
0
0
0
0
0
0
0
6
342
350
106
0
0
0
0
0
0
0
0
0
0
0
0
286
388
134
0
0
0
0
0
0
0
0
0
0
0
0
234
803
724
728
682
698
717
696
659
702
803
751
750
745
663
836
878
817
672
713
721
717
724
805
804
778
778
762
748
774
839
854
792
740
733
847
796
794
747
790
767
759
789
808
863
918
935
954
812
772
869
786
848
763
804
802
786
838
830
776
914
826
847
829
796
772
818
779
796
799
898
838
834
802
867
844
915
963
825
785
827
832
834
782
781
769
775
840
786
797
884
950
877
775
754
855
804
830
820
819
830
873
773
775
822
889
889
860
854
776
846
787
787
867
857
820
800
755
768
796
861
907
888
785
838
814
825
787
828
858
994
806
824
781
815
787
842
958
781
803
809
815
814
804
828
880
865
798
783
785
767
925
966
810
829
830
788
744
793
783
875
821
797
794
879
795
881
908
849
770
816
777
754
824
805
864
831
815
846
822
813
906
957
876
918
926
873
897
887
848
988
465
0
0
0
0
301
371
140
0
0
0
0
0
0
0
0
0
0
0
0
254
445
171
0
0
0
0
0
0
0
0
0
0
0
0
211
375
247
0
0
0
0
0
0
0
0
0
0
0
623
904
1038
964
875
944
827
846
884
854
981
907
861
843
874
869
1011
1058
1004
923
888
912
1005
884
938
1020
990
945
945
955
1022
938
1081
1081
982
955
938
983
949
954
1045
995
917
1018
975
920
939
1018
987
987
931
937
910
966
952
922
944
960
959
946
979
923
1112
1090
992
1007
1056
992
987
1033
1119
1040
1041
1052
1014
1033
981
1089
1085
1003
1077
959
0
0
0
0
0
0
0
0
0
48
267
477
36
0
0
0
0
0
0
0
0
0
0
0
0
399
416
121
0
0
0
0
0
0
0
0
0
0
0
0
337
1147
1118
1009
1093
1048
1089
1118
1267
1125
1081
1085
1110
1090
1100
1063
1216
1124
1107
1048
1125
1113
1078
1169
1143
1151
1141
1161
1232
1180
1191
1256
1249
1136
1143
1211
1120
1127
1217
1154
1170
1187
1107
1249
1310
597
405
364
0
0
0
0
0
0
0
0
0
0
0
0
35
531
296
0
0
0
0
0
0
0
0
0
0
0
0
111
405
342
0
0
365
1207
1242
1329
1253
1186
1156
1186
1208
1174
1270
1347
1340
1221
1165
1245
1268
1360
1355
1239
1232
1212
1209
1202
1242
1211
1341
1462
1226
1213
1187
1248
1226
1220
1120
1212
1301
1232
1231
98
11
422
473
50
0
0
0
0
0
0
0
0
0
0
0
0
249
478
225
0
0
0
0
0
0
0
0
0
0
0
0
273
485
100
220
1190
1290
1283
1349
1257
1284
1267
1208
1244
1230
1219
1472
1392
1337
1234
1230
1228
1203
1226
1257
1269
1240
1246
1230
1287
1258
1383
1450
1343
1256
1280
1319
1266
1384
1240
1153
838
0
0
0
0
235
342
360
0
0
0
0
0
0
0
0
0
0
0
0
194
388
360
0
0
0
0
0
0
0
0
0
0
0
0
90
703
1340
1287
1253
1231
1275
1225
1194
1137
1198
1222
1275
1117
1232
1283
1382
1346
1169
1235
1215
1231
1444
1440
1300
1240
1200
1187
1203
1185
1319
1102
362
0
0
0
0
0
0
0
0
0
0
0
0
60
459
421
0
0
0
0
0
0
0
0
0
0
0
0
39
383
495
32
0
0
64
1197
1128
1167
1170
1110
1201
1154
1184
1112
1331
1367
1258
1146
1174
1203
1414
1296
1210
1210
1158
1255
1124
1170
1122
1306
1368
1240
1170
1179
1242
1297
1231
1251
172
0
0
0
0
0
240
445
228
0
0
0
0
0
0
0
0
0
0
0
0
227
375
130
0
0
0
0
0
0
0
0
0
0
0
0
379
381
998
1170
1126
1191
1347
1254
1161
1185
1215
1221
1202
1205
1159
1262
1365
1260
1208
1184
1117
1199
1092
1183
1116
1151
1169
1181
1143
1120
1247
1314
1334
1112
1092
1041
1229
623
0
0
0
0
0
0
0
132
427
370
0
0
0
0
0
0
0
0
0
0
0
0
90
414
414
0
0
0
0
0
0
0
0
0
0
0
0
25
390
334
454
1000
960
999
1009
1060
983
1034
1011
1016
1006
1057
1102
1184
1150
953
1035
1028
1043
1047
1042
1007
1034
1012
1049
1011
968
1038
1167
1126
970
984
949
1004
1008
1020
1022
935
1042
967
948
942
919
1143
1090
1034
953
1017
1112
996
931
939
974
975
924
962
949
1061
724
313
258
0
0
0
0
0
0
0
0
0
0
0
0
244
442
73
0
0
0
0
0
0
0
0
0
0
0
1
381
404
143
0
0
0
0
0
0
0
0
0
0
761
990
1123
1200
1069
1066
1081
1201
1070
1065
1050
1034
1112
1050
1056
1002
979
1276
1311
1204
1261
1277
1320
1330
1370
1219
1203
1207
1222
1156
1195
1177
1327
1374
1327
1188
1108
1223
1105
1174
264
0
0
0
0
0
0
153
429
386
0
0
0
0
0
0
0
0
0
0
0
0
53
509
401
0
0
0
0
0
0
0
0
0
0
0
0
713
1273
1159
1033
1129
1068
1032
1035
1020
1052
1104
1044
1003
1023
1032
1183
1252
1198
997
964
1117
1110
1025
1111
1114
1170
1183
1149
1124
1143
1196
1407
1356
1145
1125
1162
1150
1056
1095
1082
1086
1157
1095
1061
1172
1136
1295
1324
1034
1027
1207
1105
360
0
0
0
0
0
0
0
0
389
479
89
0
0
0
0
0
0
0
0
0
0
0
0
384
414
169
0
0
0
0
0
0
0
0
0
0
0
0
388
387
813
1054
1101
1092
1053
1082
1160
1173
1131
1020
1082
1087
1049
1147
1298
1172
1074
1249
1033
988
1059
1107
1025
1088
1074
1107
1063
1150
1165
1291
1193
1095
1064
1065
1092
1026
1019
1193
1052
1053
988
1059
1074
1164
1304
1243
1176
1171
1085
1017
580
0
0
0
0
0
0
0
101
480
379
0
0
0
0
0
0
0
0
0
0
0
0
33
497
245
0
0
0
0
0
0
0
0
0
0
0
0
191
434
669
1073
1118
1060
1026
1177
982
1090
1065
1057
1049
1112
1093
1106
1249
1264
1154
1186
1084
1034
1150
1030
1083
1081
1053
1052
1086
1063
1006
1249
1235
1051
1040
1012
1043
1006
1022
1068
1012
1035
1005
990
1085
1002
1174
1261
915
1150
1111
1087
1006
1044
1046
815
0
0
0
0
0
419
410
133
0
0
0
0
0
0
0
0
0
0
0
0
295
470
182
0
0
0
0
0
0
0
0
0
0
0
0
298
270
0
0
183
1100
1063
972
1015
1003
1014
959
1045
1024
1062
1017
1025
1217
1171
1045
1029
983
945
960
942
1035
1048
949
966
989
1044
1194
1064
954
959
916
951
970
1041
989
995
953
953
966
929
1019
1116
1081
989
879
940
874
876
887
900
911
920
907
943
969
963
1082
1010
900
845
951
884
891
960
876
953
946
971
937
890
885
1087
994
1053
939
877
875
930
914
886
895
868
816
883
354
59
487
368
0
0
0
0
0
0
0
0
0
0
0
0
13
464
447
0
0
0
0
0
0
0
0
0
0
0
0
0
406
319
0
0
0
0
0
0
0
0
0
0
0
0
84
664
1139
1076
842
942
879
905
911
969
960
852
969
956
895
876
1100
1046
930
889
944
918
848
976
921
932
947
891
904
955
895
1096
1054
1043
950
948
929
942
970
891
844
895
871
867
886
902
1025
1040
1017
865
862
890
905
896
874
896
891
927
915
956
880
990
925
962
851
791
815
829
894
833
894
848
904
873
877
870
950
948
905
825
836
755
794
833
797
788
782
845
913
807
804
985
994
942
954
895
800
881
903
861
840
889
829
865
816
830
934
1030
1015
889
853
945
841
869
867
832
830
879
843
871
845
441
345
310
0
0
0
0
0
0
0
0
0
0
0
0
132
413
320
0
0
0
0
0
0
0
0
0
0
0
0
94
452
348
0
0
0
0
0
0
0
0
0
0
0
0
54
391
424
0
0
825
812
884
868
841
843
852
841
841
821
833
1016
1160
821
815
843
821
818
788
756
795
814
909
829
864
816
921
1010
882
821
777
843
858
849
770
832
767
802
777
845
784
958
1055
867
852
861
819
852
807
808
835
771
865
804
753
818
915
1026
830
837
777
788
823
797
796
807
811
862
782
881
852
973
1129
994
857
876
901
894
838
840
870
881
871
855
857
887
928
1054
975
857
844
892
888
927
911
854
848
827
891
861
882
967
1183
1015
890
896
908
927
936
959
988
885
952
914
880
960
1063
1122
1080
924
986
987
943
976
958
917
943
943
956
222
0
34
372
333
0
0
0
0
0
0
0
0
0
0
0
0
193
401
309
0
0
0
0
0
0
0
0
0
0
0
0
87
500
347
0
0
0
0
0
0
0
0
0
451
1023
955
1017
1185
1164
964
954
997
1005
1061
1024
978
1021
1088
1030
1038
1106
1071
1407
1265
1100
1095
1118
1081
1070
1083
1099
1072
1022
1041
1099
1106
1042
1269
1199
1177
1089
1052
1112
1034
1123
1084
1195
1131
1105
1026
1074
1051
1313
1297
1203
1100
569
0
0
0
0
0
0
0
0
0
0
221
513
26
0
0
0
0
0
0
0
0
0
0
0
0
374
382
184
0
0
0
0
0
0
0
0
0
135
1190
1182
1320
1395
1289
1214
1240
1211
1119
1184
1188
1251
1181
1234
1185
1217
1217
1464
1378
1354
1183
1181
1273
1174
1163
1203
1225
1243
1199
1256
1148
1250
1267
1384
1339
1257
1234
1300
1239
1225
101
0
0
0
0
0
0
95
465
358
0
0
0
0
0
0
0
0
0
0
0
0
48
497
401
0
0
0
0
0
0
0
0
0
0
359
1197
1323
1470
1353
1224
1264
1279
1196
1249
1223
1235
1399
1233
1245
1205
1235
1276
1336
1334
1305
1262
1236
1292
1285
1261
1335
1326
1222
1225
1283
1333
1425
1174
379
0
0
0
0
0
0
0
0
0
0
0
0
17
428
490
20
0
0
0
0
0
0
0
0
0
0
0
0
399
433
796
1374
1429
1503
1417
1483
1459
1521
1462
1426
1484
1498
1560
1666
1629
1510
1467
1531
1543
1465
1497
1477
1414
1399
1373
1367
1324
201
282
482
180
0
0
0
0
0
0
0
0
0
0
0
0
222
484
228
0
0
0
0
0
0
0
0
0
0
0
0
207
406
1313
1255
1323
1258
1285
1237
1283
1331
1273
1287
1330
1230
1288
1338
1402
1401
1319
1277
1331
1239
1254
1204
1271
1154
1264
1255
1266
1389
1313
1486
1379
1224
1296
1266
1228
1172
1289
1198
1149
0
0
0
0
36
478
431
0
0
0
0
0
0
0
0
0
0
0
0
18
468
459
0
0
0
0
0
0
0
0
0
0
0
0
22
948
1312
1221
1102
1121
1162
1134
1134
1190
1129
1108
1084
1154
1283
1238
1311
1268
1124
1186
1163
1120
1085
1111
1073
1081
1112
1068
1027
1128
1170
1251
1311
1151
1165
1122
1113
1096
1136
1121
1095
1215
1094
1122
1228
1163
1260
1236
1147
1119
1149
1157
1159
1138
1140
1153
1136
455
0
0
0
363
363
140
0
0
0
0
0
0
0
0
0
0
0
0
272
463
171
0
0
0
0
0
0
0
0
0
0
0
0
240
441
188
0
0
271
1022
1022
1089
1054
1050
1086
1042
1156
1009
1119
1140
1114
959
1023
1003
1011
1100
1034
972
1028
1012
994
954
983
1052
1131
1106
946
979
982
994
992
927
945
1027
928
968
1116
979
1046
1049
1107
982
1006
914
999
978
996
936
983
1020
983
1028
959
1035
1071
1130
979
970
1012
1051
974
974
1002
938
1024
930
1066
969
1009
1073
1089
996
937
903
918
924
922
898
953
964
961
962
990
1028
1066
1058
964
936
973
974
919
993
908
906
957
904
1083
972
976
1036
1055
929
945
897
79
0
0
0
0
0
0
0
0
46
369
418
14
0
0
0
0
0
0
0
0
0
0
0
38
343
366
108
0
0
0
0
0
0
0
0
0
0
0
0
357
354
123
0
0
0
0
835
1155
1099
980
957
1139
1055
981
1154
1198
1052
908
936
905
956
975
937
967
864
936
958
1014
967
1069
1143
1221
1005
980
942
1010
956
1022
1054
1041
980
998
974
959
1022
1017
1022
928
922
910
943
968
855
789
876
842
938
891
966
924
998
963
864
817
888
833
860
863
867
820
877
934
856
803
883
1078
1050
833
886
912
839
909
856
892
877
854
992
948
918
839
1000
946
777
812
788
788
827
819
753
785
771
858
820
844
894
948
919
806
834
774
877
890
853
856
880
845
874
932
877
863
1014
999
922
845
853
836
854
868
861
843
785
1004
899
864
872
945
996
883
874
841
862
85
0
0
0
0
0
0
0
32
345
401
49
0
0
0
0
0
0
0
0
0
0
0
0
230
425
150
0
0
0
0
0
0
0
0
0
0
0
0
246
419
144
0
0
0
0
0
0
177
809
937
874
827
843
909
944
878
823
807
886
940
879
852
862
820
849
866
796
866
891
990
963
831
811
879
875
819
841
846
841
902
847
853
852
918
996
899
879
859
839
872
792
841
808
833
860
810
815
797
854
957
852
797
814
825
873
866
839
881
865
953
839
816
872
906
997
988
872
859
851
873
843
857
866
864
872
874
886
876
909
1111
1010
919
936
948
904
876
927
894
922
962
945
919
880
911
1027
1019
859
953
833
864
804
774
831
820
875
844
828
808
846
987
993
874
39
0
0
0
0
0
0
0
0
0
0
39
419
415
0
0
0
0
0
0
0
0
0
0
0
0
21
250
426
179
0
0
0
0
0
0
0
0
0
0
0
0
294
403
163
0
0
0
343
807
832
783
884
828
799
799
865
971
975
945
836
825
842
808
820
756
770
899
791
820
777
794
866
888
758
787
774
829
742
781
741
772
740
777
719
717
733
850
885
801
707
671
749
745
723
731
687
762
715
690
742
720
788
903
745
689
697
747
693
639
684
698
717
733
678
749
682
802
814
778
675
758
674
673
684
703
718
805
699
723
689
679
812
710
733
683
672
677
688
722
718
661
742
687
696
668
655
732
835
800
647
693
657
679
755
671
675
760
633
671
714
799
789
862
770
743
661
742
713
697
694
671
668
705
718
706
653
718
803
816
671
676
652
658
680
724
707
837
701
723
710
646
731
790
783
731
672
658
660
673
676
692
662
717
652
674
706
690
761
696
43
0
0
0
0
0
0
0
0
0
0
0
44
310
380
46
0
0
0
0
0
0
0
0
0
0
0
18
321
359
146
0
0
0
0
0
0
0
0
0
0
0
0
220
327
314
0
375
667
688
676
691
697
741
701
687
717
744
696
285
287
157
533
535
504
645
654
734
601
614
616
570
688
678
742
758
685
700
676
633
679
672
699
725
695
663
643
629
666
752
747
713
664
582
650
668
591
734
685
756
788
739
722
769
814
864
801
765
685
780
720
792
692
744
799
809
750
751
747
795
799
715
673
676
674
686
714
733
724
719
670
684
711
720
828
834
639
699
682
685
706
707
711
655
685
704
706
755
735
812
811
718
687
652
686
628
710
797
713
678
689
684
707
696
786
770
700
701
646
682
673
677
672
669
657
629
631
674
631
801
774
647
664
648
614
678
636
734
654
670
670
625
717
665
918
914
735
715
681
718
700
708
669
698
704
702
695
680
748
900
838
748
729
783
793
704
759
883
788
694
753
688
746
716
863
859
835
699
723
722
698
737
747
796
799
794
746
759
773
900
949
849
764
763
755
754
715
787
786
838
720
713
763
149
193
344
306
0
0
0
0
0
0
0
0
0
0
0
0
178
375
326
0
0
0
0
0
0
0
0
0
0
0
0
130
401
314
0
0
0
0
0
0
0
0
0
0
0
0
29
470
389
0
0
732
872
807
903
827
826
792
817
790
853
826
931
976
842
783
824
832
818
812
902
824
863
883
873
871
838
959
941
909
786
886
826
819
1009
877
876
850
917
871
883
892
1043
1061
905
901
1005
948
949
1048
1073
1121
1003
999
1111
1085
1097
1158
1146
1091
1056
1026
1064
1056
1145
1020
1091
1026
1005
1062
1116
971
1134
703
124
0
0
0
0
0
0
0
0
0
0
0
0
351
399
160
0
0
0
0
0
0
0
0
0
0
0
0
263
447
181
0
0
0
0
0
0
0
0
0
227
986
933
1088
1201
1097
939
933
939
1003
1050
1009
975
1016
1005
1080
995
965
1050
1082
1073
996
976
917
943
1007
966
950
989
958
958
986
975
1004
1122
1060
1025
982
967
1024
1154
1094
969
1000
963
928
960
984
1115
1158
1075
1016
957
999
937
1038
996
1001
945
947
1058
970
1014
1133
1204
1064
1063
107
0
0
0
0
0
0
0
0
0
0
114
424
376
0
0
0
0
0
0
0
0
0
0
0
0
75
437
400
0
0
0
0
0
0
0
0
0
0
0
0
17
1110
1157
1026
973
967
922
1072
1034
962
949
901
979
1017
1176
1175
1221
1289
1245
1119
1143
1092
1169
1078
1065
1066
1007
996
1015
975
971
1224
1141
1026
992
1039
1074
1058
1038
1030
1054
1023
1037
1055
1012
1025
1075
1156
1098
971
1015
992
1152
1102
1044
981
948
485
0
0
0
229
373
321
0
0
0
0
0
0
0
0
0
0
0
0
202
399
284
0
0
0
0
0
0
0
0
0
0
0
0
173
369
299
0
0
0
0
59
952
910
976
995
949
981
972
1057
1097
1011
980
958
970
1085
982
1060
1018
1019
964
974
996
992
1035
1166
1060
934
970
913
919
887
935
975
954
965
923
928
925
961
1046
1053
951
928
860
1007
855
992
857
888
930
898
845
905
896
1104
973
957
941
882
927
871
889
1056
1078
1099
1014
937
952
988
1097
453
4
0
0
0
0
0
0
0
0
0
0
0
22
365
415
74
0
0
0
0
0
0
0
0
0
0
0
5
355
345
297
0
0
0
0
0
0
0
0
0
0
191
937
1137
1111
1136
1071
1059
1132
1108
1153
1090
1209
1292
1347
1308
1360
1352
1478
1513
1462
1315
1392
1513
1410
1323
1254
1240
1281
1296
1224
1237
1180
1342
1404
1297
1157
1192
1272
1170
1173
1194
1163
1185
1120
301
0
0
221
386
282
0
0
0
0
0
0
0
0
0
0
0
0
208
344
305
0
0
0
0
0
0
0
0
0
0
0
0
150
412
323
0
0
0
0
207
981
942
1049
965
1052
976
931
1057
1108
1056
917
937
930
904
931
959
921
932
874
899
886
887
954
991
1053
891
898
1017
944
879
895
893
919
879
948
923
873
925
949
980
922
904
917
907
890
864
894
947
914
813
867
926
940
997
933
909
932
971
938
894
953
857
947
865
846
840
884
980
989
992
891
814
909
873
837
832
895
925
909
827
821
816
942
978
968
858
819
918
808
788
849
841
851
829
836
853
827
920
910
999
945
849
899
854
863
863
840
908
838
803
838
818
814
902
914
831
835
888
811
853
48
0
0
0
0
0
0
0
233
378
214
0
0
0
0
0
0
0
0
0
0
0
0
213
357
230
0
0
0
0
0
0
0
0
0
0
0
0
196
332
283
0
0
0
0
0
0
0
0
0
0
706
831
979
922
950
880
1007
850
853
827
826
847
794
836
809
820
824
908
955
886
818
865
878
797
874
816
858
860
810
851
873
892
899
933
906
853
880
885
896
812
782
872
790
789
808
806
825
826
905
916
819
808
798
801
816
935
1016
1025
1008
989
1051
1072
1082
1192
1162
1087
1221
1112
1146
1098
1106
1110
1048
1035
1083
1018
1088
1067
1176
1137
1036
1104
1034
1061
1006
964
1051
993
984
964
912
970
660
346
421
0
0
0
0
0
0
0
0
0
0
0
0
17
312
319
168
0
0
0
0
0
0
0
0
0
0
0
0
229
445
162
0
0
0
0
0
0
0
0
0
0
365
920
987
1113
981
971
950
951
977
957
914
948
965
924
965
964
929
950
1071
1025
1057
1035
937
1011
938
954
932
944
957
905
909
990
1039
1038
1077
940
939
944
936
938
1008
918
988
990
957
1012
1050
994
1156
1070
1136
985
952
945
943
886
947
946
869
908
942
954
982
1037
1020
952
950
995
915
973
1020
900
954
885
936
978
895
974
1049
1038
1040
938
964
952
973
957
999
972
965
955
941
965
992
1104
1043
902
0
0
0
0
0
0
0
0
0
0
0
63
382
382
0
0
0
0
0
0
0
0
0
0
0
0
55
402
391
0
0
0
0
0
0
0
0
0
0
0
0
32
365
408
28
0
217
923
881
875
953
846
903
843
895
843
891
982
1024
992
866
878
900
911
919
875
863
917
924
865
911
869
1040
1002
1028
854
919
941
869
863
887
880
841
846
865
866
844
942
973
939
811
817
858
789
903
826
816
873
845
816
865
794
920
976
888
814
786
821
859
844
805
727
790
746
818
801
786
853
899
886
858
836
838
869
818
758
793
791
817
771
791
770
819
855
983
774
802
747
766
803
773
802
754
733
795
809
794
840
813
864
769
789
740
783
750
799
778
735
748
781
734
764
814
784
880
758
775
774
808
761
770
814
807
839
819
803
764
862
893
899
800
747
778
781
809
774
788
759
736
785
805
731
817
868
991
819
787
777
789
824
797
802
757
790
782
755
728
811
824
936
779
765
853
809
807
849
785
744
771
822
729
789
718
859
798
80
0
0
0
0
0
0
0
0
0
0
0
14
272
392
141
0
0
0
0
0
0
0
0
0
0
0
0
225
409
183
0
0
0
0
0
0
0
0
0
0
0
0
216
380
209
0
0
0
0
0
0
0
0
713
829
776
766
792
871
823
810
803
764
842
745
785
812
719
806
754
711
778
867
920
870
761
753
782
761
764
718
743
780
737
759
745
773
766
1047
885
824
798
747
739
781
841
848
809
824
765
881
832
907
914
953
861
792
871
810
845
813
773
794
778
817
789
794
810
935
841
794
799
799
807
687
801
792
742
849
791
825
780
806
907
915
786
824
854
873
775
817
833
785
825
849
810
753
777
1061
896
781
848
752
802
835
831
779
816
806
790
792
814
849
934
930
809
754
771
843
765
755
842
799
761
766
820
803
796
1038
924
807
754
782
757
834
757
741
740
805
820
767
765
765
919
921
803
742
815
780
748
772
753
752
782
750
784
732
773
1025
968
802
827
766
793
730
802
782
825
807
750
814
841
729
901
938
848
751
843
809
864
862
783
847
803
855
862
883
862
1001
1043
936
811
829
844
883
781
841
862
886
774
823
791
853
892
967
916
796
845
855
832
869
781
862
856
881
850
945
850
1046
1055
937
866
841
0
0
0
0
0
0
0
0
0
0
205
363
451
14
0
0
0
0
0
0
0
0
0
0
0
55
384
426
0
0
0
0
0
0
0
0
0
0
0
0
38
362
318
0
0
110
995
999
1071
1156
1066
1096
1084
1052
1107
1248
1152
1110
1027
1000
1050
942
981
1042
1019
1041
1089
1041
1028
1053
1089
1191
1166
1095
1068
1090
1131
1113
1074
1044
1061
1030
1116
1107
1042
1198
1169
1221
1015
1039
1036
1042
1038
1023
986
1022
1011
1008
1060
1002
1094
1166
1164
1118
1100
1111
1084
1077
1055
1061
961
0
0
0
0
0
337
382
176
0
0
0
0
0
0
0
0
0
0
0
0
281
468
179
0
0
0
0
0
0
0
0
0
0
0
0
218
513
1304
1159
1168
1136
1198
1132
1119
1142
1120
1086
1121
1149
1166
1278
1265
1253
1218
1185
1196
1271
1160
1178
1163
1201
1194
1181
1158
1328
1316
1301
1349
1164
1100
1158
1178
1223
1165
1245
1112
1078
1155
1152
1271
1207
1292
1293
1098
1187
1198
1094
884
0
0
0
0
0
0
0
59
438
436
0
0
0
0
0
0
0
0
0
0
0
0
27
409
500
2
0
0
0
0
0
0
0
0
0
0
0
0
1027
1273
1185
1195
1088
1088
1158
1155
1229
1185
1211
1143
1148
1156
1099
1274
1236
1193
1161
1131
1140
1078
1158
1197
1173
1180
1138
1179
1328
1246
1236
1290
1226
1217
1155
1128
1158
1111
1148
1193
1223
1058
1113
1099
1141
1257
1261
1097
1175
1097
1122
1049
1183
1058
900
0
0
0
0
0
235
423
247
0
0
0
0
0
0
0
0
0
0
0
0
210
405
277
0
0
0
0
0
0
0
0
0
0
0
0
199
411
332
0
0
848
524
1004
1146
1084
1134
1076
1087
1161
1123
1225
1318
1230
1169
1151
1132
1100
1139
1147
1078
1104
1082
1096
1259
1165
1260
1232
1175
1075
1159
1068
1078
1033
1091
1025
1071
1068
1112
1063
1003
1169
1168
1128
1132
1079
1085
1052
1056
1046
1090
966
1027
987
1135
1063
1055
1167
1193
1108
1039
1030
969
973
1050
997
1041
1013
982
1028
1024
958
1161
1157
1022
1010
946
988
985
930
927
926
319
0
0
0
22
366
371
143
0
0
0
0
0
0
0
0
0
0
0
26
363
361
153
0
0
0
0
0
0
0
0
0
0
0
0
363
336
155
0
0
0
0
0
0
0
259
857
873
894
957
1021
1035
1090
870
933
918
917
943
924
928
863
829
1046
915
938
920
1031
896
886
859
903
892
900
892
1004
871
879
920
873
871
894
990
929
866
802
823
895
814
799
817
840
794
0
0
0
177
348
137
0
0
0
0
0
0
0
0
0
815
852
862
909
892
930
867
871
856
832
871
872
833
809
784
937
792
807
871
934
909
923
840
845
790
897
888
905
898
889
892
864
859
936
960
962
845
834
806
808
784
783
823
733
829
850
784
833
799
873
911
805
784
742
772
856
785
780
752
801
867
776
776
798
854
873
835
753
818
732
778
813
853
809
818
928
816
810
788
909
926
799
781
807
769
809
749
760
774
725
808
786
763
774
860
933
768
768
741
813
798
775
762
741
743
843
796
797
808
831
885
807
723
779
793
809
738
794
775
768
809
802
790
805
914
883
819
765
791
787
841
811
828
836
868
1087
903
914
979
1084
1048
1031
898
895
963
900
865
822
789
852
874
832
867
818
890
970
874
801
818
792
751
757
779
788
806
899
780
820
770
859
934
821
773
757
787
802
806
791
743
742
818
788
746
756
741
874
834
709
705
771
770
814
800
793
787
913
811
769
774
826
777
760
789
721
801
935
868
795
735
752
805
741
753
766
869
915
934
790
769
765
819
120
0
0
0
0
0
0
0
145
370
318
0
0
0
0
0
0
0
0
0
0
0
0
59
433
359
0
0
0
0
0
0
0
0
0
0
0
0
44
335
369
59
0
0
0
0
0
0
0
0
0
0
0
129
945
850
705
812
770
813
862
833
771
745
858
795
785
760
767
928
909
792
828
751
815
738
771
783
800
850
784
777
737
729
884
838
741
663
795
760
705
714
720
719
817
738
678
683
704
865
878
808
706
724
750
729
717
739
720
775
733
787
696
709
849
877
777
679
742
738
698
708
723
778
780
738
735
721
731
826
822
787
763
783
748
749
714
766
753
753
752
726
730
722
861
857
809
753
724
710
738
705
706
699
759
746
694
686
722
813
849
835
696
718
766
697
720
736
699
751
715
728
737
754
892
834
856
736
811
798
687
773
700
706
755
732
730
748
705
767
850
815
728
748
821
689
744
759
718
749
769
725
720
693
793
818
850
783
741
730
715
689
693
688
811
717
662
676
671
770
795
848
691
701
702
704
804
678
777
766
784
815
756
761
761
876
813
851
849
915
816
756
789
736
792
830
792
794
698
855
843
879
896
796
755
779
713
773
823
731
731
701
746
769
720
673
769
770
799
754
760
817
820
712
750
684
785
714
672
686
703
752
792
800
789
693
734
698
672
749
731
715
682
638
675
721
775
745
736
783
684
645
677
697
704
711
707
699
642
658
700
651
755
768
771
689
646
618
687
607
630
639
639
692
705
642
715
743
791
783
647
693
669
672
751
654
711
645
641
627
658
652
643
739
761
680
653
583
603
687
636
597
627
643
679
669
721
692
703
812
721
693
659
673
724
637
598
650
663
575
631
638
692
713
713
683
684
594
611
614
612
646
659
595
602
614
653
646
678
706
642
578
543
646
688
620
594
618
601
637
635
616
696
686
689
655
570
608
621
632
612
613
575
587
569
597
622
674
668
677
608
631
650
595
694
625
616
605
607
595
594
545
675
718
